# Time(s)	Min(V)	Area(V*s)	AreaFromScope(V*s)
0.00000000	0.0262600000	-0.000000000622968000	0.00000000
0.167009354	0.0222200000	-0.000000000611656000	0.00000000
0.383021832	0.0222200000	-0.000000000665792000	0.00000000
0.591033936	0.0222200000	-0.000000000656096000	0.00000000
0.783044815	0.0181800000	-0.000000000622968000	0.00000000
0.982056141	0.0222200000	-0.000000000623776000	0.00000000
1.18306780	0.0222200000	-0.000000000610848000	0.00000000
1.38307905	0.0262600000	-0.000000000633068000	0.00000000
1.59009075	0.0222200000	-0.000000000596304000	0.00000000
1.78310204	0.0222200000	-0.000000000638724000	0.00000000
1.98311329	0.0222200000	-0.000000000677104000	0.00000000
2.18312502	0.0222200000	-0.000000000618524000	0.00000000
2.38313627	0.0262600000	-0.000000000620948000	0.00000000
2.59014797	0.0262600000	-0.000000000630644000	0.00000000
2.78315926	0.0222200000	-0.000000000618524000	0.00000000
2.98317051	0.0262600000	-0.000000000612464000	0.00000000
3.18318224	0.0222200000	-0.000000000600748000	0.00000000
3.36719275	0.0222200000	-0.000000000619736000	0.00000000
3.57420444	0.0222200000	-0.000000000634280000	0.00000000
3.76721525	0.0222200000	-0.000000000650036000	0.00000000
3.96622705	0.0181800000	-0.000000000618524000	0.00000000
4.16623831	0.0222200000	-0.000000000603980000	0.00000000
4.38325071	0.0181800000	-0.000000000566812000	0.00000000
4.59026241	0.0262600000	-0.000000000581356000	0.00000000
4.78327370	0.0181800000	-0.000000000627412000	0.00000000
4.98328495	0.0222200000	-0.000000000624584000	0.00000000
5.18629646	0.0181800000	-0.000000000621756000	0.00000000
5.38330793	0.0262600000	-0.000000000639936000	0.00000000
5.59031963	0.0222200000	-0.000000000663772000	0.00000000
5.78333092	0.0222200000	-0.000000000652864000	0.00000000
5.98334217	0.0222200000	-0.000000000642360000	0.00000000
6.18335342	0.0222200000	-0.000000000639936000	0.00000000
6.38236523	0.0222200000	-0.000000000681548000	0.00000000
6.59037685	0.0181800000	-0.000000000601152000	0.00000000
6.78138781	0.0222200000	-0.000000000633876000	0.00000000
6.98239946	0.0262600000	-0.000000000608020000	0.00000000
7.18341064	0.0181800000	-0.000000000568428000	0.00000000
7.38342237	0.0262600000	-0.000000000644784000	0.00000000
7.59043407	0.0222200000	-0.000000000635492000	0.00000000
7.78244495	0.0222200000	-0.000000000625392000	0.00000000
7.98645687	0.0222200000	-0.000000000622160000	0.00000000
8.18246794	0.0222200000	-0.000000000581356000	0.00000000
8.38247919	0.0222200000	-0.000000000648420000	0.00000000
8.59049129	0.0222200000	-0.000000000610444000	0.00000000
8.78250217	0.0222200000	-0.000000000622564000	0.00000000
8.98251390	0.0222200000	-0.000000000609636000	0.00000000
9.18252516	0.0222200000	-0.000000000645592000	0.00000000
9.38253641	0.0222200000	-0.000000000610848000	0.00000000
9.59054852	0.0222200000	-0.000000000646804000	0.00000000
9.78255939	0.0222200000	-0.000000000657308000	0.00000000
10.2385855	0.0222200000	-0.000000000622968000	0.00000000
10.4665985	0.0222200000	-0.000000000627008000	0.00000000
10.6706104	0.0181800000	-0.000000000631048000	0.00000000
10.8826222	0.0181800000	-0.000000000644380000	0.00000000
11.0826340	0.0222200000	-0.000000000612868000	0.00000000
11.2826452	0.0222200000	-0.000000000660540000	0.00000000
11.4836569	0.0222200000	-0.000000000608020000	0.00000000
11.6996694	0.0222200000	-0.000000000642764000	0.00000000
11.9006805	0.0222200000	-0.000000000678316000	0.00000000
12.0826912	0.0222200000	-0.000000000683164000	0.00000000
12.2827024	0.0222200000	-0.000000000575700000	0.00000000
12.4827137	0.0222200000	-0.000000000616908000	0.00000000
12.6997261	0.0222200000	-0.000000000638724000	0.00000000
12.8997378	0.0222200000	-0.000000000589032000	0.00000000
13.0997491	0.0262600000	-0.000000000655692000	0.00000000
13.2997608	0.0181800000	-0.000000000613272000	0.00000000
13.4997721	0.0262600000	-0.000000000675084000	0.00000000
13.6827826	0.0222200000	-0.000000000616908000	0.00000000
13.8847942	0.0222200000	-0.000000000639532000	0.00000000
14.0828056	0.0222200000	-0.000000000640744000	0.00000000
14.2828169	0.0262600000	-0.000000000638724000	0.00000000
14.4828281	0.0222200000	-0.000000000612868000	0.00000000
14.6988406	0.0222200000	-0.000000000622968000	0.00000000
14.8998523	0.0222200000	-0.000000000622968000	0.00000000
15.1008639	0.0222200000	-0.000000000692860000	0.00000000
15.2988749	0.0262600000	-0.000000000637108000	0.00000000
15.4998865	0.0222200000	-0.000000000649228000	0.00000000
15.6828971	0.0262600000	-0.000000000662560000	0.00000000
15.8829083	0.0222200000	-0.000000000673064000	0.00000000
16.0839200	0.0181800000	-0.000000000587820000	0.00000000
16.2829313	0.0222200000	-0.000000000642360000	0.00000000
16.4829426	0.0222200000	-0.000000000656096000	0.00000000
16.6989551	0.0222200000	-0.000000000637108000	0.00000000
16.8989663	0.0222200000	-0.000000000658116000	0.00000000
17.0999780	0.0222200000	-0.000000000622968000	0.00000000
17.2989893	0.0222200000	-0.000000000642764000	0.00000000
17.5000010	0.0222200000	-0.000000000629836000	0.00000000
17.6830115	0.0181800000	-0.000000000591052000	0.00000000
17.8830228	0.0222200000	-0.000000000641552000	0.00000000
18.0830340	0.0222200000	-0.000000000670640000	0.00000000
18.2830458	0.0262600000	-0.000000000675084000	0.00000000
18.4830570	0.0222200000	-0.000000000634684000	0.00000000
18.7000694	0.0181800000	-0.000000000598324000	0.00000000
18.8990808	0.0222200000	-0.000000000638724000	0.00000000
19.1000924	0.0262600000	-0.000000000645592000	0.00000000
19.2991037	0.0262600000	-0.000000000674276000	0.00000000
19.5011153	0.0262600000	-0.000000000681144000	0.00000000
19.6831255	0.0262600000	-0.000000000615292000	0.00000000
19.8821373	0.0222200000	-0.000000000643168000	0.00000000
20.0831485	0.0222200000	-0.000000000598324000	0.00000000
20.2831602	0.0181800000	-0.000000000660136000	0.00000000
20.4821715	0.0222200000	-0.000000000634684000	0.00000000
20.6981840	0.0222200000	-0.000000000647208000	0.00000000
20.8991952	0.0222200000	-0.000000000621756000	0.00000000
21.0992069	0.0222200000	-0.000000000643572000	0.00000000
21.2992182	0.0262600000	-0.000000000642360000	0.00000000
21.5002298	0.0222200000	-0.000000000644380000	0.00000000
21.6832399	0.0222200000	-0.000000000669024000	0.00000000
21.8822517	0.0222200000	-0.000000000630644000	0.00000000
22.0832629	0.0222200000	-0.000000000589840000	0.00000000
22.2852745	0.0222200000	-0.000000000629836000	0.00000000
22.4822860	0.0222200000	-0.000000000629432000	0.00000000
22.6992984	0.0222200000	-0.000000000641956000	0.00000000
22.8993096	0.0222200000	-0.000000000672660000	0.00000000
23.0993209	0.0181800000	-0.000000000618928000	0.00000000
23.2993326	0.0181800000	-0.000000000646804000	0.00000000
23.4993439	0.0181800000	-0.000000000612868000	0.00000000
23.6993556	0.0262600000	-0.000000000639936000	0.00000000
23.8993669	0.0262600000	-0.000000000642360000	0.00000000
24.0993781	0.0222200000	-0.000000000631452000	0.00000000
24.2823887	0.0262600000	-0.000000000614080000	0.00000000
24.4814000	0.0181800000	-0.000000000618120000	0.00000000
24.6824117	0.0222200000	-0.000000000604384000	0.00000000
24.8824229	0.0222200000	-0.000000000643572000	0.00000000
25.0824347	0.0222200000	-0.000000000619332000	0.00000000
25.2824459	0.0262600000	-0.000000000652056000	0.00000000
25.4824576	0.0222200000	-0.000000000623776000	0.00000000
25.6984696	0.0222200000	-0.000000000639936000	0.00000000
25.8984814	0.0222200000	-0.000000000620140000	0.00000000
26.0994925	0.0222200000	-0.000000000614484000	0.00000000
26.2995043	0.0181800000	-0.000000000673064000	0.00000000
26.4995155	0.0222200000	-0.000000000619332000	0.00000000
26.6825261	0.0222200000	-0.000000000555096000	0.00000000
26.8825374	0.0222200000	-0.000000000653268000	0.00000000
27.0825491	0.0222200000	-0.000000000652460000	0.00000000
27.2825603	0.0222200000	-0.000000000593072000	0.00000000
27.4825716	0.0222200000	-0.000000000612868000	0.00000000
27.6995845	0.0181800000	-0.000000000642360000	0.00000000
27.8995957	0.0181800000	-0.000000000610848000	0.00000000
28.0996070	0.0181800000	-0.000000000610040000	0.00000000
28.2996187	0.0262600000	-0.000000000635492000	0.00000000
28.4996300	0.0222200000	-0.000000000648016000	0.00000000
28.6826406	0.0222200000	-0.000000000601556000	0.00000000
28.8826518	0.0262600000	-0.000000000589032000	0.00000000
29.0826635	0.0222200000	-0.000000000594688000	0.00000000
29.2826748	0.0222200000	-0.000000000654076000	0.00000000
29.4826860	0.0222200000	-0.000000000642360000	0.00000000
29.6986985	0.0262600000	-0.000000000620140000	0.00000000
29.8987103	0.0222200000	-0.000000000598324000	0.00000000
30.0987215	0.0222200000	-0.000000000627816000	0.00000000
30.2997332	0.0262600000	-0.000000000629028000	0.00000000
30.4987445	0.0181800000	-0.000000000605596000	0.00000000
30.6827550	0.0222200000	-0.000000000636300000	0.00000000
30.8657656	0.0222200000	-0.000000000609232000	0.00000000
31.0657768	0.0222200000	-0.000000000652460000	0.00000000
31.2667885	0.0222200000	-0.000000000626200000	0.00000000
31.4657998	0.0222200000	-0.000000000616504000	0.00000000
31.6648111	0.0222200000	-0.000000000638724000	0.00000000
31.8828235	0.0222200000	-0.000000000619332000	0.00000000
32.0828352	0.0222200000	-0.000000000631452000	0.00000000
32.2828465	0.0222200000	-0.000000000615292000	0.00000000
32.4818578	0.0222200000	-0.000000000628220000	0.00000000
32.6988702	0.0222200000	-0.000000000591052000	0.00000000
32.8988814	0.0262600000	-0.000000000633876000	0.00000000
33.0998931	0.0262600000	-0.000000000607616000	0.00000000
33.2989044	0.0181800000	-0.000000000563580000	0.00000000
33.4989161	0.0222200000	-0.000000000626200000	0.00000000
33.6829267	0.0181800000	-0.000000000623776000	0.00000000
33.8829379	0.0222200000	-0.000000000581356000	0.00000000
34.0829496	0.0222200000	-0.000000000623372000	0.00000000
34.2839608	0.0222200000	-0.000000000608424000	0.00000000
34.4829721	0.0262600000	-0.000000000644784000	0.00000000
34.6989846	0.0222200000	-0.000000000615696000	0.00000000
34.8989959	0.0262600000	-0.000000000544188000	0.00000000
35.0990076	0.0222200000	-0.000000000690436000	0.00000000
35.2990189	0.0222200000	-0.000000000650844000	0.00000000
35.4990306	0.0262600000	-0.000000000633068000	0.00000000
35.6820407	0.0222200000	-0.000000000639128000	0.00000000
35.8820524	0.0222200000	-0.000000000600748000	0.00000000
36.0860639	0.0222200000	-0.000000000677104000	0.00000000
36.2820754	0.0262600000	-0.000000000568832000	0.00000000
36.4820867	0.0222200000	-0.000000000612464000	0.00000000
36.6990991	0.0222200000	-0.000000000597112000	0.00000000
36.8991103	0.0262600000	-0.000000000670236000	0.00000000
37.0991220	0.0222200000	-0.000000000654480000	0.00000000
37.2991333	0.0222200000	-0.000000000627816000	0.00000000
37.4991450	0.0262600000	-0.000000000584184000	0.00000000
37.6991563	0.0222200000	-0.000000000618928000	0.00000000
37.8991675	0.0222200000	-0.000000000680740000	0.00000000
38.0991793	0.0222200000	-0.000000000610444000	0.00000000
38.2991905	0.0181800000	-0.000000000628220000	0.00000000
38.5002022	0.0222200000	-0.000000000616908000	0.00000000
38.6832128	0.0262600000	-0.000000000654480000	0.00000000
38.8822241	0.0222200000	-0.000000000645188000	0.00000000
39.0852356	0.0222200000	-0.000000000668620000	0.00000000
39.2822466	0.0181800000	-0.000000000622564000	0.00000000
39.4822583	0.0262600000	-0.000000000672660000	0.00000000
39.6832695	0.0222200000	-0.000000000600344000	0.00000000
39.8822813	0.0181800000	-0.000000000627816000	0.00000000
40.0822926	0.0262600000	-0.000000000634684000	0.00000000
40.2813039	0.0222200000	-0.000000000636704000	0.00000000
40.4823155	0.0222200000	-0.000000000626604000	0.00000000
40.6993279	0.0222200000	-0.000000000625392000	0.00000000
40.8993392	0.0262600000	-0.000000000582164000	0.00000000
41.0993509	0.0222200000	-0.000000000585396000	0.00000000
41.2993622	0.0222200000	-0.000000000633472000	0.00000000
41.4993734	0.0262600000	-0.000000000643976000	0.00000000
41.6823840	0.0222200000	-0.000000000618524000	0.00000000
41.8823957	0.0262600000	-0.000000000635492000	0.00000000
42.0824070	0.0222200000	-0.000000000610848000	0.00000000
42.2824183	0.0222200000	-0.000000000649632000	0.00000000
42.4824300	0.0262600000	-0.000000000658520000	0.00000000
42.6824412	0.0222200000	-0.000000000603576000	0.00000000
42.8824525	0.0222200000	-0.000000000626604000	0.00000000
43.0824642	0.0222200000	-0.000000000649228000	0.00000000
43.2824755	0.0262600000	-0.000000000618120000	0.00000000
43.4824872	0.0222200000	-0.000000000635088000	0.00000000
43.6984992	0.0222200000	-0.000000000652460000	0.00000000
43.8995109	0.0222200000	-0.000000000656096000	0.00000000
44.0995221	0.0222200000	-0.000000000606404000	0.00000000
44.2985339	0.0262600000	-0.000000000679932000	0.00000000
44.4995451	0.0222200000	-0.000000000631048000	0.00000000
44.6815557	0.0222200000	-0.000000000638320000	0.00000000
44.8825669	0.0222200000	-0.000000000639128000	0.00000000
45.0825787	0.0262600000	-0.000000000632664000	0.00000000
45.2815900	0.0222200000	-0.000000000595092000	0.00000000
45.4826016	0.0262600000	-0.000000000628624000	0.00000000
45.6836128	0.0222200000	-0.000000000630240000	0.00000000
45.8826241	0.0222200000	-0.000000000601556000	0.00000000
46.0826359	0.0222200000	-0.000000000614888000	0.00000000
46.2826471	0.0222200000	-0.000000000610848000	0.00000000
46.4826589	0.0222200000	-0.000000000608020000	0.00000000
46.6986709	0.0262600000	-0.000000000607616000	0.00000000
46.8996825	0.0222200000	-0.000000000679932000	0.00000000
47.0986938	0.0222200000	-0.000000000597112000	0.00000000
47.2987051	0.0222200000	-0.000000000635088000	0.00000000
47.4997168	0.0181800000	-0.000000000638724000	0.00000000
47.6827273	0.0222200000	-0.000000000598324000	0.00000000
47.8827386	0.0222200000	-0.000000000595092000	0.00000000
48.0827503	0.0222200000	-0.000000000667408000	0.00000000
48.2827616	0.0222200000	-0.000000000698516000	0.00000000
48.4827728	0.0262600000	-0.000000000648016000	0.00000000
48.6987853	0.0222200000	-0.000000000573680000	0.00000000
48.8987970	0.0262600000	-0.000000000670236000	0.00000000
49.0988083	0.0262600000	-0.000000000599132000	0.00000000
49.2988195	0.0222200000	-0.000000000612464000	0.00000000
49.4988313	0.0222200000	-0.000000000626200000	0.00000000
49.6818419	0.0222200000	-0.000000000644784000	0.00000000
49.8828530	0.0222200000	-0.000000000635088000	0.00000000
50.0818644	0.0222200000	-0.000000000600344000	0.00000000
50.2828760	0.0262600000	-0.000000000658116000	0.00000000
50.4818873	0.0262600000	-0.000000000592264000	0.00000000
50.6988997	0.0222200000	-0.000000000601960000	0.00000000
50.8989110	0.0181800000	-0.000000000605596000	0.00000000
51.0999227	0.0222200000	-0.000000000612464000	0.00000000
51.2989340	0.0262600000	-0.000000000625392000	0.00000000
51.4989457	0.0222200000	-0.000000000609232000	0.00000000
51.6829562	0.0222200000	-0.000000000664176000	0.00000000
51.8819675	0.0262600000	-0.000000000631048000	0.00000000
52.0829787	0.0262600000	-0.000000000678316000	0.00000000
52.2819905	0.0222200000	-0.000000000574084000	0.00000000
52.4830017	0.0181800000	-0.000000000629432000	0.00000000
52.6820130	0.0181800000	-0.000000000630240000	0.00000000
52.8820248	0.0262600000	-0.000000000623372000	0.00000000
53.0830359	0.0222200000	-0.000000000623372000	0.00000000
53.2820477	0.0222200000	-0.000000000658924000	0.00000000
53.4820590	0.0222200000	-0.000000000666600000	0.00000000
53.6990714	0.0222200000	-0.000000000624988000	0.00000000
53.8990827	0.0222200000	-0.000000000610040000	0.00000000
54.0990944	0.0262600000	-0.000000000658116000	0.00000000
54.2991056	0.0222200000	-0.000000000680740000	0.00000000
54.4991169	0.0222200000	-0.000000000639936000	0.00000000
54.6991286	0.0222200000	-0.000000000612060000	0.00000000
54.8991399	0.0181800000	-0.000000000572064000	0.00000000
55.1031518	0.0222200000	-0.000000000666196000	0.00000000
55.2991629	0.0181800000	-0.000000000586608000	0.00000000
55.4991741	0.0262600000	-0.000000000663368000	0.00000000
55.6821847	0.0222200000	-0.000000000579740000	0.00000000
55.8821964	0.0222200000	-0.000000000650036000	0.00000000
56.0832076	0.0222200000	-0.000000000597516000	0.00000000
56.2822189	0.0222200000	-0.000000000629028000	0.00000000
56.4812307	0.0222200000	-0.000000000618928000	0.00000000
56.6992431	0.0262600000	-0.000000000673872000	0.00000000
56.8992543	0.0222200000	-0.000000000618120000	0.00000000
57.0992661	0.0222200000	-0.000000000657712000	0.00000000
57.2982774	0.0222200000	-0.000000000624988000	0.00000000
57.4992886	0.0222200000	-0.000000000659328000	0.00000000
57.6822991	0.0222200000	-0.000000000627412000	0.00000000
57.8823104	0.0262600000	-0.000000000621352000	0.00000000
58.0823221	0.0222200000	-0.000000000624988000	0.00000000
58.2823334	0.0222200000	-0.000000000633068000	0.00000000
58.4823451	0.0222200000	-0.000000000630240000	0.00000000
58.6823564	0.0222200000	-0.000000000592668000	0.00000000
58.8823676	0.0222200000	-0.000000000621352000	0.00000000
59.0823793	0.0222200000	-0.000000000595092000	0.00000000
59.2823906	0.0262600000	-0.000000000603172000	0.00000000
59.4824023	0.0262600000	-0.000000000612868000	0.00000000
59.6994147	0.0222200000	-0.000000000603980000	0.00000000
59.8994260	0.0222200000	-0.000000000654076000	0.00000000
60.0994372	0.0222200000	-0.000000000617312000	0.00000000
60.2994490	0.0181800000	-0.000000000595496000	0.00000000
60.4994602	0.0222200000	-0.000000000586204000	0.00000000
60.6824708	0.0222200000	-0.000000000589436000	0.00000000
60.8824821	0.0222200000	-0.000000000655692000	0.00000000
61.0824938	0.0262600000	-0.000000000626604000	0.00000000
61.2825050	0.0262600000	-0.000000000593072000	0.00000000
61.4825163	0.0222200000	-0.000000000604384000	0.00000000
61.6825280	0.0222200000	-0.000000000630240000	0.00000000
61.8825393	0.0222200000	-0.000000000608424000	0.00000000
62.0825510	0.0222200000	-0.000000000639532000	0.00000000
62.2825623	0.0222200000	-0.000000000645996000	0.00000000
62.4825735	0.0222200000	-0.000000000623372000	0.00000000
62.6975861	0.0262600000	-0.000000000644784000	0.00000000
62.8985977	0.0222200000	-0.000000000619332000	0.00000000
63.0996089	0.0222200000	-0.000000000608424000	0.00000000
63.2986202	0.0181800000	-0.000000000619332000	0.00000000
63.4986320	0.0222200000	-0.000000000579336000	0.00000000
63.6816425	0.0222200000	-0.000000000673872000	0.00000000
63.8826537	0.0222200000	-0.000000000594284000	0.00000000
64.0826654	0.0181800000	-0.000000000676700000	0.00000000
64.2826767	0.0181800000	-0.000000000639936000	0.00000000
64.4826880	0.0222200000	-0.000000000645996000	0.00000000
64.6816998	0.0222200000	-0.000000000626604000	0.00000000
64.8827109	0.0222200000	-0.000000000600748000	0.00000000
65.0827227	0.0262600000	-0.000000000617716000	0.00000000
65.2817340	0.0222200000	-0.000000000621352000	0.00000000
65.4827452	0.0222200000	-0.000000000620948000	0.00000000
65.6827569	0.0222200000	-0.000000000602768000	0.00000000
65.8827682	0.0222200000	-0.000000000579740000	0.00000000
66.0817795	0.0222200000	-0.000000000603576000	0.00000000
66.2827911	0.0222200000	-0.000000000632260000	0.00000000
66.4828024	0.0222200000	-0.000000000631048000	0.00000000
66.6988149	0.0222200000	-0.000000000601152000	0.00000000
66.8998265	0.0222200000	-0.000000000615696000	0.00000000
67.0978379	0.0222200000	-0.000000000624584000	0.00000000
67.2998495	0.0222200000	-0.000000000650844000	0.00000000
67.4988608	0.0222200000	-0.000000000606404000	0.00000000
67.6988721	0.0222200000	-0.000000000640744000	0.00000000
67.8988833	0.0262600000	-0.000000000607212000	0.00000000
68.0988951	0.0222200000	-0.000000000594688000	0.00000000
68.2989063	0.0181800000	-0.000000000575700000	0.00000000
68.4989181	0.0262600000	-0.000000000645592000	0.00000000
68.6819282	0.0181800000	-0.000000000606808000	0.00000000
68.8819399	0.0222200000	-0.000000000618928000	0.00000000
69.0839515	0.0222200000	-0.000000000645592000	0.00000000
69.2829628	0.0222200000	-0.000000000630644000	0.00000000
69.4819741	0.0222200000	-0.000000000608828000	0.00000000
69.6989865	0.0222200000	-0.000000000601152000	0.00000000
69.8989978	0.0222200000	-0.000000000597112000	0.00000000
70.0990095	0.0181800000	-0.000000000628220000	0.00000000
70.2990208	0.0222200000	-0.000000000649632000	0.00000000
70.4990320	0.0222200000	-0.000000000633068000	0.00000000
70.6830430	0.0222200000	-0.000000000642360000	0.00000000
70.8820543	0.0222200000	-0.000000000670236000	0.00000000
71.0820656	0.0222200000	-0.000000000644784000	0.00000000
71.2820768	0.0181800000	-0.000000000631048000	0.00000000
71.4820886	0.0222200000	-0.000000000622564000	0.00000000
71.6991010	0.0222200000	-0.000000000621756000	0.00000000
71.8991122	0.0222200000	-0.000000000614484000	0.00000000
72.0991240	0.0222200000	-0.000000000634684000	0.00000000
72.2991352	0.0222200000	-0.000000000661348000	0.00000000
72.4991465	0.0222200000	-0.000000000586204000	0.00000000
72.6821570	0.0222200000	-0.000000000587820000	0.00000000
72.8821688	0.0181800000	-0.000000000637916000	0.00000000
73.0811801	0.0222200000	-0.000000000641956000	0.00000000
73.2821913	0.0262600000	-0.000000000566004000	0.00000000
73.4822030	0.0222200000	-0.000000000608424000	0.00000000
73.6992154	0.0222200000	-0.000000000608828000	0.00000000
73.8992267	0.0262600000	-0.000000000593476000	0.00000000
74.0992384	0.0222200000	-0.000000000652056000	0.00000000
74.2992496	0.0181800000	-0.000000000656904000	0.00000000
74.4992609	0.0262600000	-0.000000000625796000	0.00000000
74.6822715	0.0262600000	-0.000000000650036000	0.00000000
74.8832831	0.0222200000	-0.000000000553076000	0.00000000
75.0822945	0.0222200000	-0.000000000636704000	0.00000000
75.2823057	0.0222200000	-0.000000000675892000	0.00000000
75.4823174	0.0181800000	-0.000000000582568000	0.00000000
75.6993299	0.0181800000	-0.000000000635088000	0.00000000
75.8983412	0.0222200000	-0.000000000649632000	0.00000000
76.0983524	0.0222200000	-0.000000000610444000	0.00000000
76.2983642	0.0222200000	-0.000000000664984000	0.00000000
76.4993753	0.0222200000	-0.000000000668620000	0.00000000
76.6823859	0.0262600000	-0.000000000653268000	0.00000000
76.8823977	0.0181800000	-0.000000000621352000	0.00000000
77.0824089	0.0181800000	-0.000000000652864000	0.00000000
77.2824202	0.0222200000	-0.000000000635896000	0.00000000
77.4824319	0.0262600000	-0.000000000718312000	0.00000000
77.6824431	0.0262600000	-0.000000000660136000	0.00000000
77.8834548	0.0222200000	-0.000000000612464000	0.00000000
78.0824661	0.0222200000	-0.000000000637108000	0.00000000
78.2824774	0.0222200000	-0.000000000658116000	0.00000000
78.4824891	0.0262600000	-0.000000000620948000	0.00000000
78.6975012	0.0262600000	-0.000000000607616000	0.00000000
78.8985128	0.0222200000	-0.000000000618524000	0.00000000
79.0995240	0.0222200000	-0.000000000701748000	0.00000000
79.2995358	0.0222200000	-0.000000000609636000	0.00000000
79.4985471	0.0222200000	-0.000000000583780000	0.00000000
79.6825576	0.0222200000	-0.000000000662560000	0.00000000
79.8825688	0.0181800000	-0.000000000589436000	0.00000000
80.0825806	0.0222200000	-0.000000000642360000	0.00000000
80.2815919	0.0222200000	-0.000000000636704000	0.00000000
80.4816031	0.0222200000	-0.000000000614080000	0.00000000
80.6826148	0.0222200000	-0.000000000643976000	0.00000000
80.8816261	0.0262600000	-0.000000000651248000	0.00000000
81.0826378	0.0222200000	-0.000000000637916000	0.00000000
81.2816491	0.0222200000	-0.000000000646400000	0.00000000
81.4806604	0.0222200000	-0.000000000647612000	0.00000000
81.6976728	0.0222200000	-0.000000000686800000	0.00000000
81.8986845	0.0181800000	-0.000000000639936000	0.00000000
82.0986958	0.0222200000	-0.000000000610848000	0.00000000
82.2987070	0.0262600000	-0.000000000610444000	0.00000000
82.4987187	0.0262600000	-0.000000000659732000	0.00000000
82.6987300	0.0181800000	-0.000000000605192000	0.00000000
82.8987417	0.0222200000	-0.000000000638320000	0.00000000
83.0987530	0.0181800000	-0.000000000622160000	0.00000000
83.2987642	0.0222200000	-0.000000000632260000	0.00000000
83.4987760	0.0222200000	-0.000000000594284000	0.00000000
83.6827865	0.0262600000	-0.000000000604788000	0.00000000
83.8817978	0.0222200000	-0.000000000605192000	0.00000000
84.0818090	0.0222200000	-0.000000000690032000	0.00000000
84.2818208	0.0222200000	-0.000000000627008000	0.00000000
84.7808490	0.0222200000	-0.000000000658520000	0.00000000
84.9818606	0.0181800000	-0.000000000639532000	0.00000000
85.1818719	0.0222200000	-0.000000000637512000	0.00000000
85.3818836	0.0222200000	-0.000000000619736000	0.00000000
85.5888953	0.0222200000	-0.000000000640340000	0.00000000
85.7819066	0.0262600000	-0.000000000664984000	0.00000000
85.9819179	0.0222200000	-0.000000000700940000	0.00000000
86.1819291	0.0262600000	-0.000000000579336000	0.00000000
86.3819408	0.0222200000	-0.000000000599940000	0.00000000
86.5899525	0.0262600000	-0.000000000654076000	0.00000000
86.7819638	0.0222200000	-0.000000000622968000	0.00000000
86.9819751	0.0222200000	-0.000000000598728000	0.00000000
87.1819863	0.0222200000	-0.000000000620544000	0.00000000
87.3819981	0.0181800000	-0.000000000646400000	0.00000000
87.5890098	0.0181800000	-0.000000000600748000	0.00000000
87.7820210	0.0262600000	-0.000000000671852000	0.00000000
87.9820323	0.0222200000	-0.000000000623776000	0.00000000
88.1810436	0.0181800000	-0.000000000647612000	0.00000000
88.3820553	0.0222200000	-0.000000000610444000	0.00000000
88.5890670	0.0222200000	-0.000000000618928000	0.00000000
88.7820778	0.0262600000	-0.000000000660136000	0.00000000
88.9820895	0.0262600000	-0.000000000588628000	0.00000000
89.1821008	0.0262600000	-0.000000000586204000	0.00000000
89.3821125	0.0222200000	-0.000000000625796000	0.00000000
89.5891242	0.0222200000	-0.000000000601152000	0.00000000
89.7821350	0.0222200000	-0.000000000630240000	0.00000000
89.9821467	0.0262600000	-0.000000000697708000	0.00000000
90.1821580	0.0222200000	-0.000000000612464000	0.00000000
90.3821697	0.0222200000	-0.000000000589840000	0.00000000
90.5891814	0.0181800000	-0.000000000603576000	0.00000000
90.7821922	0.0222200000	-0.000000000638320000	0.00000000
90.9822040	0.0222200000	-0.000000000650844000	0.00000000
91.1822152	0.0222200000	-0.000000000642360000	0.00000000
91.3822269	0.0222200000	-0.000000000646804000	0.00000000
91.5892386	0.0222200000	-0.000000000637916000	0.00000000
91.7822495	0.0222200000	-0.000000000593476000	0.00000000
91.9822612	0.0222200000	-0.000000000600344000	0.00000000
92.1812725	0.0222200000	-0.000000000660944000	0.00000000
92.3652830	0.0222200000	-0.000000000608828000	0.00000000
92.5722947	0.0222200000	-0.000000000612464000	0.00000000
92.7663059	0.0262600000	-0.000000000647208000	0.00000000
92.9663172	0.0222200000	-0.000000000633068000	0.00000000
93.1653285	0.0262600000	-0.000000000674680000	0.00000000
93.3823409	0.0262600000	-0.000000000621756000	0.00000000
93.5893531	0.0222200000	-0.000000000610848000	0.00000000
93.7823639	0.0222200000	-0.000000000641956000	0.00000000
93.9823756	0.0181800000	-0.000000000641148000	0.00000000
94.1823869	0.0181800000	-0.000000000582972000	0.00000000
94.3813982	0.0222200000	-0.000000000679528000	0.00000000
94.5894103	0.0181800000	-0.000000000608020000	0.00000000
94.7824211	0.0262600000	-0.000000000641552000	0.00000000
94.9824328	0.0222200000	-0.000000000614080000	0.00000000
95.1824441	0.0222200000	-0.000000000612868000	0.00000000
95.3824553	0.0181800000	-0.000000000652460000	0.00000000
95.5894675	0.0262600000	-0.000000000675892000	0.00000000
95.7814784	0.0262600000	-0.000000000639936000	0.00000000
95.9824901	0.0222200000	-0.000000000657712000	0.00000000
96.1825013	0.0222200000	-0.000000000684376000	0.00000000
96.3825126	0.0262600000	-0.000000000607212000	0.00000000
96.5895247	0.0262600000	-0.000000000631856000	0.00000000
96.7815356	0.0222200000	-0.000000000582164000	0.00000000
96.9815469	0.0222200000	-0.000000000608828000	0.00000000
97.1825585	0.0222200000	-0.000000000649228000	0.00000000
97.3815699	0.0222200000	-0.000000000627816000	0.00000000
97.5895815	0.0222200000	-0.000000000650036000	0.00000000
97.7815928	0.0222200000	-0.000000000606808000	0.00000000
97.9816041	0.0181800000	-0.000000000612464000	0.00000000
98.1826158	0.0222200000	-0.000000000606000000	0.00000000
98.3816271	0.0222200000	-0.000000000604788000	0.00000000
98.5896387	0.0262600000	-0.000000000684780000	0.00000000
98.7816501	0.0262600000	-0.000000000606404000	0.00000000
98.9806614	0.0222200000	-0.000000000631048000	0.00000000
99.1826730	0.0222200000	-0.000000000606404000	0.00000000
99.3846846	0.0181800000	-0.000000000624180000	0.00000000
99.5906963	0.0222200000	-0.000000000583376000	0.00000000
99.7817073	0.0222200000	-0.000000000613676000	0.00000000
99.9817185	0.0181800000	-0.000000000619736000	0.00000000
100.181730	0.0222200000	-0.000000000643572000	0.00000000
100.381742	0.0181800000	-0.000000000587820000	0.00000000
100.588753	0.0262600000	-0.000000000643168000	0.00000000
100.781765	0.0222200000	-0.000000000637512000	0.00000000
100.980776	0.0222200000	-0.000000000612060000	0.00000000
101.181787	0.0222200000	-0.000000000650036000	0.00000000
101.381799	0.0181800000	-0.000000000592668000	0.00000000
101.590811	0.0222200000	-0.000000000646804000	0.00000000
101.781822	0.0262600000	-0.000000000605192000	0.00000000
101.981833	0.0262600000	-0.000000000603172000	0.00000000
102.181844	0.0222200000	-0.000000000617312000	0.00000000
102.381856	0.0222200000	-0.000000000671044000	0.00000000
102.587868	0.0222200000	-0.000000000625796000	0.00000000
102.781879	0.0262600000	-0.000000000616100000	0.00000000
102.981890	0.0222200000	-0.000000000589032000	0.00000000
103.181901	0.0262600000	-0.000000000656096000	0.00000000
103.381913	0.0222200000	-0.000000000612464000	0.00000000
103.588925	0.0262600000	-0.000000000636704000	0.00000000
103.781936	0.0222200000	-0.000000000654884000	0.00000000
103.981947	0.0222200000	-0.000000000624584000	0.00000000
104.181959	0.0222200000	-0.000000000618928000	0.00000000
104.381970	0.0222200000	-0.000000000620544000	0.00000000
104.588982	0.0222200000	-0.000000000624584000	0.00000000
104.780993	0.0222200000	-0.000000000600748000	0.00000000
104.981005	0.0222200000	-0.000000000624180000	0.00000000
105.182016	0.0262600000	-0.000000000666600000	0.00000000
105.382028	0.0222200000	-0.000000000672256000	0.00000000
105.589039	0.0222200000	-0.000000000600748000	0.00000000
105.783051	0.0222200000	-0.000000000625796000	0.00000000
105.982062	0.0181800000	-0.000000000646804000	0.00000000
106.182073	0.0222200000	-0.000000000639128000	0.00000000
106.382085	0.0222200000	-0.000000000645592000	0.00000000
106.589097	0.0222200000	-0.000000000627008000	0.00000000
106.782107	0.0181800000	-0.000000000630240000	0.00000000
106.982119	0.0262600000	-0.000000000620948000	0.00000000
107.182130	0.0262600000	-0.000000000609636000	0.00000000
107.382142	0.0222200000	-0.000000000606404000	0.00000000
107.589154	0.0222200000	-0.000000000592668000	0.00000000
107.782165	0.0222200000	-0.000000000610444000	0.00000000
107.982176	0.0222200000	-0.000000000662560000	0.00000000
108.181188	0.0262600000	-0.000000000588224000	0.00000000
108.365198	0.0222200000	-0.000000000600344000	0.00000000
108.571210	0.0262600000	-0.000000000562772000	0.00000000
108.765221	0.0181800000	-0.000000000606808000	0.00000000
108.964232	0.0222200000	-0.000000000628220000	0.00000000
109.165244	0.0222200000	-0.000000000653672000	0.00000000
109.381256	0.0181800000	-0.000000000624988000	0.00000000
109.589268	0.0222200000	-0.000000000618928000	0.00000000
109.782279	0.0222200000	-0.000000000631048000	0.00000000
109.982291	0.0222200000	-0.000000000587012000	0.00000000
110.182302	0.0181800000	-0.000000000592264000	0.00000000
110.380313	0.0222200000	-0.000000000626604000	0.00000000
110.589325	0.0222200000	-0.000000000614080000	0.00000000
110.781336	0.0222200000	-0.000000000606808000	0.00000000
110.980348	0.0222200000	-0.000000000622160000	0.00000000
111.182359	0.0222200000	-0.000000000610848000	0.00000000
111.382370	0.0222200000	-0.000000000626200000	0.00000000
111.592383	0.0222200000	-0.000000000614484000	0.00000000
111.782393	0.0222200000	-0.000000000691244000	0.00000000
111.981405	0.0262600000	-0.000000000688012000	0.00000000
112.181417	0.0181800000	-0.000000000580548000	0.00000000
112.381428	0.0222200000	-0.000000000655288000	0.00000000
112.589440	0.0181800000	-0.000000000604788000	0.00000000
112.781451	0.0181800000	-0.000000000580952000	0.00000000
112.981462	0.0222200000	-0.000000000601152000	0.00000000
113.181474	0.0222200000	-0.000000000632260000	0.00000000
113.381485	0.0262600000	-0.000000000619736000	0.00000000
113.589497	0.0262600000	-0.000000000715080000	0.00000000
113.781508	0.0222200000	-0.000000000631048000	0.00000000
113.981519	0.0222200000	-0.000000000676296000	0.00000000
114.182531	0.0181800000	-0.000000000643572000	0.00000000
114.380542	0.0222200000	-0.000000000657308000	0.00000000
114.589554	0.0181800000	-0.000000000632664000	0.00000000
114.781565	0.0222200000	-0.000000000658116000	0.00000000
114.981576	0.0222200000	-0.000000000633472000	0.00000000
115.181588	0.0222200000	-0.000000000615696000	0.00000000
115.381599	0.0222200000	-0.000000000610040000	0.00000000
115.588611	0.0222200000	-0.000000000653268000	0.00000000
115.781622	0.0181800000	-0.000000000612060000	0.00000000
115.981634	0.0222200000	-0.000000000640744000	0.00000000
116.182645	0.0222200000	-0.000000000592264000	0.00000000
116.382657	0.0222200000	-0.000000000659732000	0.00000000
116.589669	0.0222200000	-0.000000000610040000	0.00000000
116.781680	0.0222200000	-0.000000000633068000	0.00000000
116.981691	0.0222200000	-0.000000000644380000	0.00000000
117.181702	0.0262600000	-0.000000000606808000	0.00000000
117.381714	0.0222200000	-0.000000000676700000	0.00000000
117.588726	0.0262600000	-0.000000000671852000	0.00000000
117.781737	0.0181800000	-0.000000000649228000	0.00000000
117.980748	0.0222200000	-0.000000000646804000	0.00000000
118.181759	0.0222200000	-0.000000000638320000	0.00000000
118.381771	0.0222200000	-0.000000000619736000	0.00000000
118.587783	0.0181800000	-0.000000000604384000	0.00000000
118.781794	0.0222200000	-0.000000000650844000	0.00000000
118.981805	0.0222200000	-0.000000000610444000	0.00000000
119.181817	0.0222200000	-0.000000000621352000	0.00000000
119.380828	0.0262600000	-0.000000000642360000	0.00000000
119.588840	0.0222200000	-0.000000000568024000	0.00000000
119.781851	0.0222200000	-0.000000000609232000	0.00000000
119.981863	0.0222200000	-0.000000000624988000	0.00000000
120.181874	0.0222200000	-0.000000000626604000	0.00000000
120.381886	0.0222200000	-0.000000000645592000	0.00000000
120.588897	0.0222200000	-0.000000000598324000	0.00000000
120.781909	0.0181800000	-0.000000000618524000	0.00000000
120.981920	0.0222200000	-0.000000000601152000	0.00000000
121.181931	0.0222200000	-0.000000000628624000	0.00000000
121.381943	0.0262600000	-0.000000000606404000	0.00000000
121.588954	0.0222200000	-0.000000000599132000	0.00000000
121.781966	0.0181800000	-0.000000000583780000	0.00000000
121.981977	0.0222200000	-0.000000000626200000	0.00000000
122.180988	0.0222200000	-0.000000000619332000	0.00000000
122.364999	0.0262600000	-0.000000000663368000	0.00000000
122.573011	0.0222200000	-0.000000000640744000	0.00000000
122.766022	0.0222200000	-0.000000000649632000	0.00000000
122.965033	0.0222200000	-0.000000000570852000	0.00000000
123.164044	0.0222200000	-0.000000000651652000	0.00000000
123.382057	0.0222200000	-0.000000000665792000	0.00000000
123.589069	0.0222200000	-0.000000000611656000	0.00000000
123.782080	0.0262600000	-0.000000000675488000	0.00000000
123.982091	0.0262600000	-0.000000000654884000	0.00000000
124.182103	0.0222200000	-0.000000000611252000	0.00000000
124.382114	0.0222200000	-0.000000000670236000	0.00000000
124.589126	0.0262600000	-0.000000000594688000	0.00000000
124.782137	0.0222200000	-0.000000000638320000	0.00000000
124.982149	0.0222200000	-0.000000000631856000	0.00000000
125.182160	0.0262600000	-0.000000000653672000	0.00000000
125.382172	0.0222200000	-0.000000000597920000	0.00000000
125.589183	0.0222200000	-0.000000000617312000	0.00000000
125.783195	0.0222200000	-0.000000000634280000	0.00000000
125.981205	0.0222200000	-0.000000000603172000	0.00000000
126.182217	0.0222200000	-0.000000000671044000	0.00000000
126.381228	0.0262600000	-0.000000000645592000	0.00000000
126.589241	0.0262600000	-0.000000000683568000	0.00000000
126.782251	0.0222200000	-0.000000000559136000	0.00000000
126.982263	0.0222200000	-0.000000000606000000	0.00000000
127.181274	0.0222200000	-0.000000000653672000	0.00000000
127.381286	0.0222200000	-0.000000000662156000	0.00000000
127.589298	0.0222200000	-0.000000000608828000	0.00000000
127.781309	0.0222200000	-0.000000000633876000	0.00000000
127.982320	0.0181800000	-0.000000000690032000	0.00000000
128.181332	0.0222200000	-0.000000000629432000	0.00000000
128.365342	0.0181800000	-0.000000000570448000	0.00000000
128.572354	0.0222200000	-0.000000000650036000	0.00000000
128.765365	0.0222200000	-0.000000000636704000	0.00000000
128.965376	0.0262600000	-0.000000000626604000	0.00000000
129.164388	0.0181800000	-0.000000000621352000	0.00000000
129.381400	0.0222200000	-0.000000000629432000	0.00000000
129.587412	0.0181800000	-0.000000000578124000	0.00000000
129.781423	0.0222200000	-0.000000000620948000	0.00000000
129.981434	0.0181800000	-0.000000000669832000	0.00000000
130.181446	0.0181800000	-0.000000000580144000	0.00000000
130.381457	0.0222200000	-0.000000000568832000	0.00000000
130.589469	0.0222200000	-0.000000000662560000	0.00000000
130.781480	0.0181800000	-0.000000000628624000	0.00000000
130.981492	0.0222200000	-0.000000000669024000	0.00000000
131.182503	0.0222200000	-0.000000000641552000	0.00000000
131.381515	0.0181800000	-0.000000000589840000	0.00000000
131.588526	0.0222200000	-0.000000000567620000	0.00000000
131.781538	0.0262600000	-0.000000000560348000	0.00000000
131.981549	0.0222200000	-0.000000000653672000	0.00000000
132.180560	0.0222200000	-0.000000000668216000	0.00000000
132.381572	0.0222200000	-0.000000000646804000	0.00000000
132.588583	0.0222200000	-0.000000000639936000	0.00000000
132.781595	0.0222200000	-0.000000000664176000	0.00000000
132.981606	0.0222200000	-0.000000000622968000	0.00000000
133.181618	0.0181800000	-0.000000000561156000	0.00000000
133.381629	0.0181800000	-0.000000000647208000	0.00000000
133.588641	0.0222200000	-0.000000000630240000	0.00000000
133.781652	0.0262600000	-0.000000000637916000	0.00000000
133.981663	0.0222200000	-0.000000000605596000	0.00000000
134.181675	0.0222200000	-0.000000000677508000	0.00000000
134.381686	0.0222200000	-0.000000000602768000	0.00000000
134.588698	0.0262600000	-0.000000000579336000	0.00000000
134.782709	0.0222200000	-0.000000000674680000	0.00000000
134.981720	0.0222200000	-0.000000000597920000	0.00000000
135.181732	0.0262600000	-0.000000000638724000	0.00000000
135.381743	0.0181800000	-0.000000000589840000	0.00000000
135.588755	0.0222200000	-0.000000000626200000	0.00000000
135.781766	0.0262600000	-0.000000000667004000	0.00000000
135.981778	0.0222200000	-0.000000000592668000	0.00000000
136.181789	0.0222200000	-0.000000000634280000	0.00000000
136.381801	0.0262600000	-0.000000000634684000	0.00000000
136.588812	0.0222200000	-0.000000000612060000	0.00000000
136.781824	0.0222200000	-0.000000000668620000	0.00000000
136.981835	0.0181800000	-0.000000000600344000	0.00000000
137.181846	0.0222200000	-0.000000000619332000	0.00000000
137.364857	0.0222200000	-0.000000000611656000	0.00000000
137.571868	0.0181800000	-0.000000000588224000	0.00000000
137.765880	0.0262600000	-0.000000000669428000	0.00000000
137.964891	0.0222200000	-0.000000000629432000	0.00000000
138.164903	0.0262600000	-0.000000000627816000	0.00000000
138.380915	0.0222200000	-0.000000000623776000	0.00000000
138.588927	0.0181800000	-0.000000000588224000	0.00000000
138.780938	0.0222200000	-0.000000000657712000	0.00000000
138.981949	0.0222200000	-0.000000000656904000	0.00000000
139.181961	0.0222200000	-0.000000000594688000	0.00000000
139.381972	0.0262600000	-0.000000000635088000	0.00000000
139.588984	0.0222200000	-0.000000000673468000	0.00000000
139.781995	0.0222200000	-0.000000000623372000	0.00000000
139.982007	0.0222200000	-0.000000000671448000	0.00000000
140.181018	0.0222200000	-0.000000000647612000	0.00000000
140.381029	0.0222200000	-0.000000000631856000	0.00000000
140.589041	0.0262600000	-0.000000000654884000	0.00000000
140.781052	0.0262600000	-0.000000000687204000	0.00000000
140.982064	0.0262600000	-0.000000000702960000	0.00000000
141.182075	0.0222200000	-0.000000000677912000	0.00000000
141.381086	0.0222200000	-0.000000000620544000	0.00000000
141.589098	0.0222200000	-0.000000000667408000	0.00000000
141.781109	0.0222200000	-0.000000000563580000	0.00000000
141.981121	0.0222200000	-0.000000000697708000	0.00000000
142.182132	0.0222200000	-0.000000000655288000	0.00000000
142.383144	0.0222200000	-0.000000000583780000	0.00000000
142.589156	0.0222200000	-0.000000000563176000	0.00000000
142.781167	0.0181800000	-0.000000000625796000	0.00000000
142.981178	0.0262600000	-0.000000000642764000	0.00000000
143.182189	0.0222200000	-0.000000000676296000	0.00000000
143.381201	0.0222200000	-0.000000000631856000	0.00000000
143.588212	0.0222200000	-0.000000000624584000	0.00000000
143.782224	0.0222200000	-0.000000000614888000	0.00000000
143.980235	0.0222200000	-0.000000000648016000	0.00000000
144.182247	0.0262600000	-0.000000000634684000	0.00000000
144.381258	0.0222200000	-0.000000000631452000	0.00000000
144.588270	0.0262600000	-0.000000000611252000	0.00000000
144.781281	0.0222200000	-0.000000000581760000	0.00000000
144.981292	0.0222200000	-0.000000000594688000	0.00000000
145.182304	0.0222200000	-0.000000000639936000	0.00000000
145.381315	0.0222200000	-0.000000000627008000	0.00000000
145.587327	0.0222200000	-0.000000000669428000	0.00000000
145.781338	0.0222200000	-0.000000000614888000	0.00000000
145.981349	0.0262600000	-0.000000000656096000	0.00000000
146.181361	0.0222200000	-0.000000000621352000	0.00000000
146.364371	0.0222200000	-0.000000000658116000	0.00000000
146.573383	0.0222200000	-0.000000000614484000	0.00000000
146.765394	0.0222200000	-0.000000000631856000	0.00000000
146.965406	0.0222200000	-0.000000000673468000	0.00000000
147.165417	0.0222200000	-0.000000000632664000	0.00000000
147.381430	0.0222200000	-0.000000000648420000	0.00000000
147.588441	0.0222200000	-0.000000000596708000	0.00000000
147.781453	0.0222200000	-0.000000000644784000	0.00000000
147.981464	0.0222200000	-0.000000000607616000	0.00000000
148.181476	0.0222200000	-0.000000000696900000	0.00000000
148.381487	0.0222200000	-0.000000000644380000	0.00000000
148.588499	0.0181800000	-0.000000000650440000	0.00000000
148.781510	0.0222200000	-0.000000000656904000	0.00000000
148.981521	0.0222200000	-0.000000000684376000	0.00000000
149.181533	0.0222200000	-0.000000000616100000	0.00000000
149.381544	0.0222200000	-0.000000000620948000	0.00000000
149.588556	0.0222200000	-0.000000000625796000	0.00000000
149.781567	0.0222200000	-0.000000000653268000	0.00000000
149.981578	0.0181800000	-0.000000000649632000	0.00000000
150.181590	0.0222200000	-0.000000000602768000	0.00000000
150.381601	0.0262600000	-0.000000000609232000	0.00000000
150.588613	0.0262600000	-0.000000000623372000	0.00000000
150.781624	0.0181800000	-0.000000000602768000	0.00000000
150.981636	0.0222200000	-0.000000000588628000	0.00000000
151.181647	0.0262600000	-0.000000000619736000	0.00000000
151.381659	0.0262600000	-0.000000000682356000	0.00000000
151.588670	0.0222200000	-0.000000000636704000	0.00000000
151.781682	0.0222200000	-0.000000000722352000	0.00000000
151.981693	0.0262600000	-0.000000000645592000	0.00000000
152.181704	0.0222200000	-0.000000000700940000	0.00000000
152.381716	0.0222200000	-0.000000000662560000	0.00000000
152.588727	0.0222200000	-0.000000000574892000	0.00000000
152.781739	0.0222200000	-0.000000000625796000	0.00000000
152.980750	0.0222200000	-0.000000000625796000	0.00000000
153.181761	0.0222200000	-0.000000000590648000	0.00000000
153.381773	0.0222200000	-0.000000000671852000	0.00000000
153.587785	0.0222200000	-0.000000000623372000	0.00000000
153.781796	0.0222200000	-0.000000000659732000	0.00000000
153.981807	0.0222200000	-0.000000000655288000	0.00000000
154.181818	0.0222200000	-0.000000000655288000	0.00000000
154.381830	0.0222200000	-0.000000000639128000	0.00000000
154.588842	0.0222200000	-0.000000000597920000	0.00000000
154.784853	0.0181800000	-0.000000000599536000	0.00000000
154.981864	0.0262600000	-0.000000000599536000	0.00000000
155.181876	0.0222200000	-0.000000000642360000	0.00000000
155.381887	0.0262600000	-0.000000000616100000	0.00000000
155.588899	0.0181800000	-0.000000000664580000	0.00000000
155.781910	0.0222200000	-0.000000000641956000	0.00000000
155.981922	0.0222200000	-0.000000000616504000	0.00000000
156.181933	0.0222200000	-0.000000000637916000	0.00000000
156.380944	0.0222200000	-0.000000000656500000	0.00000000
156.588956	0.0222200000	-0.000000000610848000	0.00000000
156.780967	0.0262600000	-0.000000000619736000	0.00000000
156.980978	0.0181800000	-0.000000000592264000	0.00000000
157.181990	0.0181800000	-0.000000000623776000	0.00000000
157.381001	0.0222200000	-0.000000000639128000	0.00000000
157.589014	0.0222200000	-0.000000000635492000	0.00000000
157.781024	0.0222200000	-0.000000000602768000	0.00000000
157.981036	0.0222200000	-0.000000000598324000	0.00000000
158.182047	0.0222200000	-0.000000000629836000	0.00000000
158.381059	0.0222200000	-0.000000000677104000	0.00000000
158.589071	0.0262600000	-0.000000000637512000	0.00000000
158.781082	0.0262600000	-0.000000000656904000	0.00000000
158.980093	0.0222200000	-0.000000000576104000	0.00000000
159.182105	0.0262600000	-0.000000000680336000	0.00000000
159.381116	0.0262600000	-0.000000000639128000	0.00000000
159.588128	0.0222200000	-0.000000000568428000	0.00000000
159.781139	0.0222200000	-0.000000000631452000	0.00000000
159.981150	0.0222200000	-0.000000000670236000	0.00000000
160.181162	0.0222200000	-0.000000000641956000	0.00000000
160.381173	0.0262600000	-0.000000000616100000	0.00000000
160.589185	0.0181800000	-0.000000000578932000	0.00000000
160.781196	0.0222200000	-0.000000000638724000	0.00000000
160.981207	0.0181800000	-0.000000000606808000	0.00000000
161.180219	0.0222200000	-0.000000000589032000	0.00000000
161.365230	0.0262600000	-0.000000000617716000	0.00000000
161.572241	0.0262600000	-0.000000000650844000	0.00000000
161.765253	0.0222200000	-0.000000000610444000	0.00000000
161.964264	0.0181800000	-0.000000000608828000	0.00000000
162.165275	0.0262600000	-0.000000000606404000	0.00000000
162.381288	0.0181800000	-0.000000000611656000	0.00000000
162.589300	0.0222200000	-0.000000000595900000	0.00000000
162.781311	0.0222200000	-0.000000000624988000	0.00000000
162.980322	0.0222200000	-0.000000000648824000	0.00000000
163.181334	0.0222200000	-0.000000000620544000	0.00000000
163.381345	0.0222200000	-0.000000000607212000	0.00000000
163.587357	0.0181800000	-0.000000000617716000	0.00000000
163.781368	0.0262600000	-0.000000000612464000	0.00000000
163.981379	0.0222200000	-0.000000000652460000	0.00000000
164.181391	0.0222200000	-0.000000000601152000	0.00000000
164.381402	0.0222200000	-0.000000000636704000	0.00000000
164.588414	0.0222200000	-0.000000000601556000	0.00000000
164.781425	0.0222200000	-0.000000000636704000	0.00000000
164.981436	0.0222200000	-0.000000000605192000	0.00000000
165.180448	0.0222200000	-0.000000000629432000	0.00000000
165.364458	0.0222200000	-0.000000000629836000	0.00000000
165.571470	0.0222200000	-0.000000000625796000	0.00000000
165.765481	0.0222200000	-0.000000000652864000	0.00000000
165.964493	0.0222200000	-0.000000000599940000	0.00000000
166.164504	0.0262600000	-0.000000000658520000	0.00000000
166.381516	0.0222200000	-0.000000000596708000	0.00000000
166.588528	0.0262600000	-0.000000000601960000	0.00000000
166.781539	0.0222200000	-0.000000000610848000	0.00000000
166.980551	0.0262600000	-0.000000000628220000	0.00000000
167.181562	0.0181800000	-0.000000000596708000	0.00000000
167.381574	0.0222200000	-0.000000000605596000	0.00000000
167.588585	0.0222200000	-0.000000000620544000	0.00000000
167.781597	0.0222200000	-0.000000000649228000	0.00000000
167.980608	0.0222200000	-0.000000000624988000	0.00000000
168.181620	0.0222200000	-0.000000000614080000	0.00000000
168.381631	0.0222200000	-0.000000000628220000	0.00000000
168.588643	0.0181800000	-0.000000000619736000	0.00000000
168.781654	0.0222200000	-0.000000000632664000	0.00000000
168.980665	0.0262600000	-0.000000000630644000	0.00000000
169.181676	0.0222200000	-0.000000000673064000	0.00000000
169.381688	0.0262600000	-0.000000000664984000	0.00000000
169.587700	0.0222200000	-0.000000000611252000	0.00000000
169.781711	0.0262600000	-0.000000000678720000	0.00000000
169.981722	0.0222200000	-0.000000000612868000	0.00000000
170.181734	0.0262600000	-0.000000000612060000	0.00000000
170.381745	0.0222200000	-0.000000000607212000	0.00000000
170.588757	0.0222200000	-0.000000000577720000	0.00000000
170.781768	0.0222200000	-0.000000000590244000	0.00000000
170.981780	0.0222200000	-0.000000000602364000	0.00000000
171.181791	0.0181800000	-0.000000000583780000	0.00000000
171.380803	0.0222200000	-0.000000000599132000	0.00000000
171.588814	0.0222200000	-0.000000000565196000	0.00000000
171.780825	0.0262600000	-0.000000000608424000	0.00000000
171.980837	0.0222200000	-0.000000000641552000	0.00000000
172.181848	0.0262600000	-0.000000000627008000	0.00000000
172.380860	0.0222200000	-0.000000000616504000	0.00000000
172.588871	0.0222200000	-0.000000000655288000	0.00000000
172.780882	0.0222200000	-0.000000000592668000	0.00000000
172.981894	0.0222200000	-0.000000000607212000	0.00000000
173.180905	0.0262600000	-0.000000000576508000	0.00000000
173.380917	0.0222200000	-0.000000000650036000	0.00000000
173.588929	0.0262600000	-0.000000000650036000	0.00000000
173.780940	0.0222200000	-0.000000000609232000	0.00000000
173.979951	0.0222200000	-0.000000000624988000	0.00000000
174.180963	0.0181800000	-0.000000000620140000	0.00000000
174.380974	0.0222200000	-0.000000000614888000	0.00000000
174.588986	0.0222200000	-0.000000000619332000	0.00000000
174.780997	0.0222200000	-0.000000000637916000	0.00000000
174.981009	0.0222200000	-0.000000000612868000	0.00000000
175.180020	0.0262600000	-0.000000000616504000	0.00000000
175.381031	0.0222200000	-0.000000000578528000	0.00000000
175.588043	0.0222200000	-0.000000000627008000	0.00000000
175.781054	0.0222200000	-0.000000000618928000	0.00000000
175.981066	0.0222200000	-0.000000000568428000	0.00000000
176.182077	0.0262600000	-0.000000000636704000	0.00000000
176.381088	0.0262600000	-0.000000000580548000	0.00000000
176.588100	0.0262600000	-0.000000000619736000	0.00000000
176.781111	0.0222200000	-0.000000000589840000	0.00000000
176.981122	0.0262600000	-0.000000000634684000	0.00000000
177.181134	0.0222200000	-0.000000000636704000	0.00000000
177.381145	0.0181800000	-0.000000000627412000	0.00000000
177.588158	0.0262600000	-0.000000000596708000	0.00000000
177.781168	0.0222200000	-0.000000000624584000	0.00000000
177.981180	0.0222200000	-0.000000000635492000	0.00000000
178.181191	0.0181800000	-0.000000000661752000	0.00000000
178.381203	0.0222200000	-0.000000000657308000	0.00000000
178.588214	0.0222200000	-0.000000000667812000	0.00000000
178.781226	0.0222200000	-0.000000000675488000	0.00000000
178.981237	0.0222200000	-0.000000000637512000	0.00000000
179.180249	0.0222200000	-0.000000000672256000	0.00000000
179.381260	0.0181800000	-0.000000000625796000	0.00000000
179.588272	0.0181800000	-0.000000000617716000	0.00000000
179.781283	0.0262600000	-0.000000000618524000	0.00000000
179.981294	0.0222200000	-0.000000000625796000	0.00000000
180.180306	0.0222200000	-0.000000000644380000	0.00000000
180.381317	0.0222200000	-0.000000000602364000	0.00000000
180.588329	0.0262600000	-0.000000000626200000	0.00000000
180.781340	0.0181800000	-0.000000000634280000	0.00000000
180.981351	0.0222200000	-0.000000000633472000	0.00000000
181.181363	0.0222200000	-0.000000000628624000	0.00000000
181.381374	0.0222200000	-0.000000000602768000	0.00000000
181.587386	0.0262600000	-0.000000000696496000	0.00000000
181.781397	0.0181800000	-0.000000000623776000	0.00000000
181.981409	0.0222200000	-0.000000000599940000	0.00000000
182.181420	0.0222200000	-0.000000000652460000	0.00000000
182.381432	0.0181800000	-0.000000000644784000	0.00000000
182.588443	0.0222200000	-0.000000000662156000	0.00000000
182.781455	0.0222200000	-0.000000000627412000	0.00000000
182.981466	0.0222200000	-0.000000000640340000	0.00000000
183.181478	0.0181800000	-0.000000000601152000	0.00000000
183.381489	0.0222200000	-0.000000000656500000	0.00000000
183.588500	0.0222200000	-0.000000000633068000	0.00000000
183.781512	0.0222200000	-0.000000000633472000	0.00000000
183.981523	0.0262600000	-0.000000000627008000	0.00000000
184.181534	0.0222200000	-0.000000000597516000	0.00000000
184.381546	0.0222200000	-0.000000000628624000	0.00000000
184.588558	0.0222200000	-0.000000000632260000	0.00000000
184.781569	0.0222200000	-0.000000000651248000	0.00000000
184.981580	0.0222200000	-0.000000000684780000	0.00000000
185.181592	0.0222200000	-0.000000000642360000	0.00000000
185.380603	0.0262600000	-0.000000000696900000	0.00000000
185.588615	0.0222200000	-0.000000000658520000	0.00000000
185.783626	0.0222200000	-0.000000000653672000	0.00000000
185.980638	0.0222200000	-0.000000000578528000	0.00000000
186.181649	0.0222200000	-0.000000000618524000	0.00000000
186.381660	0.0222200000	-0.000000000603980000	0.00000000
186.587672	0.0262600000	-0.000000000622564000	0.00000000
186.781683	0.0222200000	-0.000000000612464000	0.00000000
186.980695	0.0181800000	-0.000000000667408000	0.00000000
187.181706	0.0222200000	-0.000000000597112000	0.00000000
187.381718	0.0222200000	-0.000000000579740000	0.00000000
187.587729	0.0262600000	-0.000000000640340000	0.00000000
187.780740	0.0222200000	-0.000000000653672000	0.00000000
187.980752	0.0181800000	-0.000000000585396000	0.00000000
188.181763	0.0222200000	-0.000000000619736000	0.00000000
188.364774	0.0222200000	-0.000000000677508000	0.00000000
188.571785	0.0222200000	-0.000000000635088000	0.00000000
188.764797	0.0222200000	-0.000000000669832000	0.00000000
188.964808	0.0222200000	-0.000000000663368000	0.00000000
189.164820	0.0222200000	-0.000000000635492000	0.00000000
189.380832	0.0222200000	-0.000000000654076000	0.00000000
189.588844	0.0222200000	-0.000000000641956000	0.00000000
189.780855	0.0222200000	-0.000000000591052000	0.00000000
189.980866	0.0262600000	-0.000000000707000000	0.00000000
190.180878	0.0262600000	-0.000000000654884000	0.00000000
190.380889	0.0222200000	-0.000000000650440000	0.00000000
190.587901	0.0262600000	-0.000000000631048000	0.00000000
190.780912	0.0181800000	-0.000000000571660000	0.00000000
190.980924	0.0222200000	-0.000000000608020000	0.00000000
191.181935	0.0222200000	-0.000000000671448000	0.00000000
191.364945	0.0222200000	-0.000000000654076000	0.00000000
191.571957	0.0222200000	-0.000000000637512000	0.00000000
191.764968	0.0262600000	-0.000000000650440000	0.00000000
191.963980	0.0222200000	-0.000000000666196000	0.00000000
192.164991	0.0262600000	-0.000000000636300000	0.00000000
192.364003	0.0262600000	-0.000000000632664000	0.00000000
192.572014	0.0262600000	-0.000000000640340000	0.00000000
192.765026	0.0181800000	-0.000000000661752000	0.00000000
192.964037	0.0181800000	-0.000000000638724000	0.00000000
193.164048	0.0222200000	-0.000000000612060000	0.00000000
193.381061	0.0222200000	-0.000000000633068000	0.00000000
193.588072	0.0222200000	-0.000000000656904000	0.00000000
193.781084	0.0222200000	-0.000000000641552000	0.00000000
193.981095	0.0222200000	-0.000000000640744000	0.00000000
194.181107	0.0222200000	-0.000000000651248000	0.00000000
194.381118	0.0181800000	-0.000000000646400000	0.00000000
194.588130	0.0222200000	-0.000000000658924000	0.00000000
194.781141	0.0222200000	-0.000000000598324000	0.00000000
194.981152	0.0222200000	-0.000000000694476000	0.00000000
195.181164	0.0222200000	-0.000000000649228000	0.00000000
195.381175	0.0222200000	-0.000000000661348000	0.00000000
195.588187	0.0222200000	-0.000000000636300000	0.00000000
195.781198	0.0222200000	-0.000000000637512000	0.00000000
195.981209	0.0222200000	-0.000000000605596000	0.00000000
196.181221	0.0222200000	-0.000000000634684000	0.00000000
196.381232	0.0222200000	-0.000000000646804000	0.00000000
196.589244	0.0222200000	-0.000000000615696000	0.00000000
196.781255	0.0222200000	-0.000000000631452000	0.00000000
196.981266	0.0262600000	-0.000000000619736000	0.00000000
197.180278	0.0222200000	-0.000000000579336000	0.00000000
197.381289	0.0222200000	-0.000000000648824000	0.00000000
197.587301	0.0222200000	-0.000000000635896000	0.00000000
197.781312	0.0222200000	-0.000000000601960000	0.00000000
197.981324	0.0222200000	-0.000000000606808000	0.00000000
198.181335	0.0222200000	-0.000000000647208000	0.00000000
198.381347	0.0222200000	-0.000000000642360000	0.00000000
198.588358	0.0222200000	-0.000000000660540000	0.00000000
198.781370	0.0181800000	-0.000000000585396000	0.00000000
198.981381	0.0222200000	-0.000000000601152000	0.00000000
199.180392	0.0222200000	-0.000000000582164000	0.00000000
199.381404	0.0262600000	-0.000000000645188000	0.00000000
199.588416	0.0222200000	-0.000000000622968000	0.00000000
199.781427	0.0181800000	-0.000000000604788000	0.00000000
199.980438	0.0222200000	-0.000000000667004000	0.00000000
200.181450	0.0222200000	-0.000000000620948000	0.00000000
200.380461	0.0222200000	-0.000000000610444000	0.00000000
200.588473	0.0222200000	-0.000000000631048000	0.00000000
200.781484	0.0262600000	-0.000000000589436000	0.00000000
200.981495	0.0222200000	-0.000000000670236000	0.00000000
201.181507	0.0222200000	-0.000000000628220000	0.00000000
201.380518	0.0222200000	-0.000000000597112000	0.00000000
201.588530	0.0222200000	-0.000000000661752000	0.00000000
201.781541	0.0222200000	-0.000000000629432000	0.00000000
201.981553	0.0222200000	-0.000000000618524000	0.00000000
202.181564	0.0181800000	-0.000000000667408000	0.00000000
202.381576	0.0222200000	-0.000000000650036000	0.00000000
202.587587	0.0262600000	-0.000000000610040000	0.00000000
202.780598	0.0222200000	-0.000000000618120000	0.00000000
202.980610	0.0181800000	-0.000000000600748000	0.00000000
203.181622	0.0222200000	-0.000000000654884000	0.00000000
203.380632	0.0262600000	-0.000000000623776000	0.00000000
203.590645	0.0222200000	-0.000000000613676000	0.00000000
203.780655	0.0262600000	-0.000000000604788000	0.00000000
203.980667	0.0222200000	-0.000000000682356000	0.00000000
204.180678	0.0222200000	-0.000000000622564000	0.00000000
204.364689	0.0262600000	-0.000000000666600000	0.00000000
204.571701	0.0262600000	-0.000000000603980000	0.00000000
204.764712	0.0222200000	-0.000000000610444000	0.00000000
204.964723	0.0222200000	-0.000000000611656000	0.00000000
205.164735	0.0222200000	-0.000000000622160000	0.00000000
205.380747	0.0222200000	-0.000000000581760000	0.00000000
205.587759	0.0222200000	-0.000000000664580000	0.00000000
205.780770	0.0222200000	-0.000000000633472000	0.00000000
205.980782	0.0181800000	-0.000000000628220000	0.00000000
206.181793	0.0222200000	-0.000000000686396000	0.00000000
206.380804	0.0181800000	-0.000000000622968000	0.00000000
206.587816	0.0181800000	-0.000000000637108000	0.00000000
206.780827	0.0222200000	-0.000000000673872000	0.00000000
206.980839	0.0262600000	-0.000000000591052000	0.00000000
207.180850	0.0222200000	-0.000000000596304000	0.00000000
207.380861	0.0222200000	-0.000000000619332000	0.00000000
207.587873	0.0222200000	-0.000000000590244000	0.00000000
207.780884	0.0262600000	-0.000000000659328000	0.00000000
207.980896	0.0222200000	-0.000000000598728000	0.00000000
208.180907	0.0222200000	-0.000000000632664000	0.00000000
208.380919	0.0222200000	-0.000000000653268000	0.00000000
208.587931	0.0222200000	-0.000000000651248000	0.00000000
208.780941	0.0222200000	-0.000000000633068000	0.00000000
208.980953	0.0262600000	-0.000000000646804000	0.00000000
209.181964	0.0222200000	-0.000000000639532000	0.00000000
209.380976	0.0222200000	-0.000000000650440000	0.00000000
209.586987	0.0222200000	-0.000000000652056000	0.00000000
209.780999	0.0222200000	-0.000000000629028000	0.00000000
209.981010	0.0222200000	-0.000000000660944000	0.00000000
210.181022	0.0222200000	-0.000000000596304000	0.00000000
210.381033	0.0222200000	-0.000000000668216000	0.00000000
210.588045	0.0262600000	-0.000000000639128000	0.00000000
210.781056	0.0222200000	-0.000000000618524000	0.00000000
210.981068	0.0222200000	-0.000000000638320000	0.00000000
211.181079	0.0222200000	-0.000000000614080000	0.00000000
211.381090	0.0222200000	-0.000000000589032000	0.00000000
211.588102	0.0262600000	-0.000000000627008000	0.00000000
211.781113	0.0262600000	-0.000000000624584000	0.00000000
211.981124	0.0262600000	-0.000000000638724000	0.00000000
212.181136	0.0222200000	-0.000000000639532000	0.00000000
212.381147	0.0262600000	-0.000000000589032000	0.00000000
212.588160	0.0222200000	-0.000000000643572000	0.00000000
212.781170	0.0222200000	-0.000000000641956000	0.00000000
212.981182	0.0181800000	-0.000000000670236000	0.00000000
213.181193	0.0222200000	-0.000000000596304000	0.00000000
213.381205	0.0222200000	-0.000000000551864000	0.00000000
213.588216	0.0262600000	-0.000000000613272000	0.00000000
213.781228	0.0222200000	-0.000000000590244000	0.00000000
213.981239	0.0262600000	-0.000000000651652000	0.00000000
214.181251	0.0222200000	-0.000000000611656000	0.00000000
214.381262	0.0181800000	-0.000000000611656000	0.00000000
214.588274	0.0181800000	-0.000000000597516000	0.00000000
214.781285	0.0222200000	-0.000000000603172000	0.00000000
214.981296	0.0181800000	-0.000000000589032000	0.00000000
215.181308	0.0222200000	-0.000000000613272000	0.00000000
215.381319	0.0262600000	-0.000000000623776000	0.00000000
215.588331	0.0222200000	-0.000000000671852000	0.00000000
215.784342	0.0222200000	-0.000000000617716000	0.00000000
215.981353	0.0262600000	-0.000000000618928000	0.00000000
216.181365	0.0262600000	-0.000000000650036000	0.00000000
216.381376	0.0262600000	-0.000000000671448000	0.00000000
216.588388	0.0262600000	-0.000000000665388000	0.00000000
216.781399	0.0262600000	-0.000000000601960000	0.00000000
216.980411	0.0222200000	-0.000000000643572000	0.00000000
217.181422	0.0181800000	-0.000000000611252000	0.00000000
217.380434	0.0222200000	-0.000000000632664000	0.00000000
217.588445	0.0222200000	-0.000000000595496000	0.00000000
217.780457	0.0222200000	-0.000000000654480000	0.00000000
217.980468	0.0262600000	-0.000000000605596000	0.00000000
218.183479	0.0222200000	-0.000000000629432000	0.00000000
218.380491	0.0222200000	-0.000000000636704000	0.00000000
218.588502	0.0262600000	-0.000000000633068000	0.00000000
218.780514	0.0222200000	-0.000000000651248000	0.00000000
218.980525	0.0222200000	-0.000000000647612000	0.00000000
219.180536	0.0262600000	-0.000000000618524000	0.00000000
219.380548	0.0222200000	-0.000000000639532000	0.00000000
219.588560	0.0222200000	-0.000000000606000000	0.00000000
219.779571	0.0222200000	-0.000000000649228000	0.00000000
219.980582	0.0222200000	-0.000000000596304000	0.00000000
220.181593	0.0222200000	-0.000000000613676000	0.00000000
220.380605	0.0222200000	-0.000000000627816000	0.00000000
220.588617	0.0222200000	-0.000000000637108000	0.00000000
220.780628	0.0222200000	-0.000000000622968000	0.00000000
220.980639	0.0222200000	-0.000000000597920000	0.00000000
221.181651	0.0262600000	-0.000000000568832000	0.00000000
221.380662	0.0222200000	-0.000000000597920000	0.00000000
221.587674	0.0222200000	-0.000000000643572000	0.00000000
221.781685	0.0222200000	-0.000000000639128000	0.00000000
221.979696	0.0222200000	-0.000000000594284000	0.00000000
222.183708	0.0222200000	-0.000000000631048000	0.00000000
222.380720	0.0222200000	-0.000000000660136000	0.00000000
222.587731	0.0181800000	-0.000000000612868000	0.00000000
222.780742	0.0262600000	-0.000000000580548000	0.00000000
222.980754	0.0181800000	-0.000000000602364000	0.00000000
223.179765	0.0262600000	-0.000000000607616000	0.00000000
223.381777	0.0222200000	-0.000000000616908000	0.00000000
223.592789	0.0222200000	-0.000000000643168000	0.00000000
223.780799	0.0222200000	-0.000000000608424000	0.00000000
223.980811	0.0181800000	-0.000000000623372000	0.00000000
224.180822	0.0222200000	-0.000000000635492000	0.00000000
224.380834	0.0262600000	-0.000000000627412000	0.00000000
224.587846	0.0262600000	-0.000000000650036000	0.00000000
224.781857	0.0181800000	-0.000000000579740000	0.00000000
224.980868	0.0222200000	-0.000000000622968000	0.00000000
225.180880	0.0222200000	-0.000000000608020000	0.00000000
225.380891	0.0222200000	-0.000000000634280000	0.00000000
225.587903	0.0262600000	-0.000000000671044000	0.00000000
225.780914	0.0222200000	-0.000000000626604000	0.00000000
225.981925	0.0262600000	-0.000000000656500000	0.00000000
226.180937	0.0222200000	-0.000000000629836000	0.00000000
226.380948	0.0181800000	-0.000000000594688000	0.00000000
226.587960	0.0222200000	-0.000000000682356000	0.00000000
226.780971	0.0222200000	-0.000000000615696000	0.00000000
226.980982	0.0262600000	-0.000000000620140000	0.00000000
227.180994	0.0222200000	-0.000000000551460000	0.00000000
227.364005	0.0262600000	-0.000000000646804000	0.00000000
227.569016	0.0222200000	-0.000000000622160000	0.00000000
227.765028	0.0262600000	-0.000000000635896000	0.00000000
227.963039	0.0222200000	-0.000000000673064000	0.00000000
228.164050	0.0262600000	-0.000000000597920000	0.00000000
228.381063	0.0222200000	-0.000000000645996000	0.00000000
228.588074	0.0222200000	-0.000000000637512000	0.00000000
228.781085	0.0222200000	-0.000000000643168000	0.00000000
228.981097	0.0181800000	-0.000000000620948000	0.00000000
229.181108	0.0222200000	-0.000000000618524000	0.00000000
229.381120	0.0222200000	-0.000000000641956000	0.00000000
229.588131	0.0222200000	-0.000000000643168000	0.00000000
229.781143	0.0222200000	-0.000000000653268000	0.00000000
229.980154	0.0222200000	-0.000000000646400000	0.00000000
230.182166	0.0222200000	-0.000000000674276000	0.00000000
230.381177	0.0222200000	-0.000000000605596000	0.00000000
230.588189	0.0222200000	-0.000000000641148000	0.00000000
230.781200	0.0222200000	-0.000000000646804000	0.00000000
230.981211	0.0262600000	-0.000000000642360000	0.00000000
231.181223	0.0181800000	-0.000000000607616000	0.00000000
231.380234	0.0262600000	-0.000000000627412000	0.00000000
231.588246	0.0222200000	-0.000000000628220000	0.00000000
231.781257	0.0262600000	-0.000000000632664000	0.00000000
231.980268	0.0222200000	-0.000000000600748000	0.00000000
232.181280	0.0222200000	-0.000000000578932000	0.00000000
232.381291	0.0222200000	-0.000000000648016000	0.00000000
232.588303	0.0222200000	-0.000000000611252000	0.00000000
232.781314	0.0222200000	-0.000000000640340000	0.00000000
232.980326	0.0262600000	-0.000000000615292000	0.00000000
233.181337	0.0262600000	-0.000000000622564000	0.00000000
233.364347	0.0181800000	-0.000000000633876000	0.00000000
233.571360	0.0262600000	-0.000000000621352000	0.00000000
233.764370	0.0222200000	-0.000000000603980000	0.00000000
233.964382	0.0222200000	-0.000000000608424000	0.00000000
234.164393	0.0222200000	-0.000000000609232000	0.00000000
234.380406	0.0222200000	-0.000000000594688000	0.00000000
234.588418	0.0262600000	-0.000000000633472000	0.00000000
234.780428	0.0181800000	-0.000000000655692000	0.00000000
234.980440	0.0222200000	-0.000000000575700000	0.00000000
235.181451	0.0222200000	-0.000000000591860000	0.00000000
235.380463	0.0222200000	-0.000000000634684000	0.00000000
235.588475	0.0222200000	-0.000000000614484000	0.00000000
235.780486	0.0222200000	-0.000000000681144000	0.00000000
235.980497	0.0222200000	-0.000000000595496000	0.00000000
236.181509	0.0262600000	-0.000000000643976000	0.00000000
236.380520	0.0262600000	-0.000000000609636000	0.00000000
236.586532	0.0222200000	-0.000000000605192000	0.00000000
236.780543	0.0222200000	-0.000000000642360000	0.00000000
236.980555	0.0222200000	-0.000000000635088000	0.00000000
237.180566	0.0222200000	-0.000000000645188000	0.00000000
237.379577	0.0262600000	-0.000000000590648000	0.00000000
237.588589	0.0181800000	-0.000000000632664000	0.00000000
237.780600	0.0222200000	-0.000000000596708000	0.00000000
237.980612	0.0222200000	-0.000000000650844000	0.00000000
238.180623	0.0222200000	-0.000000000680336000	0.00000000
238.380634	0.0262600000	-0.000000000601960000	0.00000000
238.587646	0.0222200000	-0.000000000550652000	0.00000000
238.780657	0.0222200000	-0.000000000644784000	0.00000000
238.980669	0.0262600000	-0.000000000607616000	0.00000000
239.180680	0.0262600000	-0.000000000645996000	0.00000000
239.380692	0.0222200000	-0.000000000633068000	0.00000000
239.587704	0.0222200000	-0.000000000649632000	0.00000000
239.780715	0.0262600000	-0.000000000649632000	0.00000000
239.980726	0.0222200000	-0.000000000612868000	0.00000000
240.180737	0.0222200000	-0.000000000661752000	0.00000000
240.380749	0.0222200000	-0.000000000635492000	0.00000000
240.587761	0.0222200000	-0.000000000601556000	0.00000000
240.784772	0.0262600000	-0.000000000620544000	0.00000000
240.980783	0.0222200000	-0.000000000632260000	0.00000000
241.180795	0.0181800000	-0.000000000629028000	0.00000000
241.380806	0.0181800000	-0.000000000614888000	0.00000000
241.587818	0.0222200000	-0.000000000604788000	0.00000000
241.780829	0.0222200000	-0.000000000574084000	0.00000000
241.981841	0.0222200000	-0.000000000656500000	0.00000000
242.180852	0.0222200000	-0.000000000621352000	0.00000000
242.380863	0.0222200000	-0.000000000658116000	0.00000000
242.587875	0.0222200000	-0.000000000631452000	0.00000000
242.780886	0.0222200000	-0.000000000635492000	0.00000000
242.980897	0.0262600000	-0.000000000679124000	0.00000000
243.180909	0.0222200000	-0.000000000580952000	0.00000000
243.380920	0.0222200000	-0.000000000647612000	0.00000000
243.587933	0.0262600000	-0.000000000663368000	0.00000000
243.780943	0.0181800000	-0.000000000597112000	0.00000000
243.980955	0.0303000000	-0.000000000613272000	0.00000000
244.180966	0.0222200000	-0.000000000646804000	0.00000000
244.380978	0.0222200000	-0.000000000635492000	0.00000000
244.587990	0.0222200000	-0.000000000667004000	0.00000000
244.781001	0.0222200000	-0.000000000580952000	0.00000000
244.981012	0.0222200000	-0.000000000641148000	0.00000000
245.181024	0.0181800000	-0.000000000646804000	0.00000000
245.382035	0.0222200000	-0.000000000642360000	0.00000000
245.588047	0.0222200000	-0.000000000641148000	0.00000000
245.782058	0.0222200000	-0.000000000563580000	0.00000000
245.980069	0.0222200000	-0.000000000672660000	0.00000000
246.181081	0.0222200000	-0.000000000619736000	0.00000000
246.380092	0.0262600000	-0.000000000624584000	0.00000000
246.588104	0.0262600000	-0.000000000634684000	0.00000000
246.781115	0.0222200000	-0.000000000700132000	0.00000000
246.981126	0.0222200000	-0.000000000595496000	0.00000000
247.181138	0.0222200000	-0.000000000597516000	0.00000000
247.380149	0.0222200000	-0.000000000632664000	0.00000000
247.588161	0.0262600000	-0.000000000646804000	0.00000000
247.782172	0.0222200000	-0.000000000615696000	0.00000000
247.979184	0.0222200000	-0.000000000593072000	0.00000000
248.181195	0.0222200000	-0.000000000631856000	0.00000000
248.381207	0.0262600000	-0.000000000646400000	0.00000000
248.588218	0.0262600000	-0.000000000657712000	0.00000000
248.780229	0.0181800000	-0.000000000666196000	0.00000000
248.980241	0.0181800000	-0.000000000659732000	0.00000000
249.181252	0.0222200000	-0.000000000598728000	0.00000000
249.381264	0.0222200000	-0.000000000643976000	0.00000000
249.587276	0.0222200000	-0.000000000660136000	0.00000000
249.780286	0.0262600000	-0.000000000636300000	0.00000000
249.980298	0.0222200000	-0.000000000603576000	0.00000000
250.181310	0.0222200000	-0.000000000616504000	0.00000000
250.380321	0.0222200000	-0.000000000662156000	0.00000000
250.587333	0.0222200000	-0.000000000665792000	0.00000000
250.781344	0.0222200000	-0.000000000621756000	0.00000000
250.980355	0.0222200000	-0.000000000678316000	0.00000000
251.180367	0.0262600000	-0.000000000609232000	0.00000000
251.381378	0.0222200000	-0.000000000644784000	0.00000000
251.587390	0.0262600000	-0.000000000645996000	0.00000000
251.780401	0.0222200000	-0.000000000645996000	0.00000000
251.982412	0.0222200000	-0.000000000653268000	0.00000000
252.180424	0.0222200000	-0.000000000659328000	0.00000000
252.363434	0.0222200000	-0.000000000622160000	0.00000000
252.571446	0.0222200000	-0.000000000644380000	0.00000000
252.764457	0.0262600000	-0.000000000641956000	0.00000000
252.963469	0.0222200000	-0.000000000619736000	0.00000000
253.164480	0.0222200000	-0.000000000610848000	0.00000000
253.380493	0.0222200000	-0.000000000629432000	0.00000000
253.587504	0.0181800000	-0.000000000610444000	0.00000000
253.780515	0.0262600000	-0.000000000662560000	0.00000000
253.980527	0.0222200000	-0.000000000585800000	0.00000000
254.181538	0.0222200000	-0.000000000647208000	0.00000000
254.380550	0.0222200000	-0.000000000635492000	0.00000000
254.587562	0.0222200000	-0.000000000646400000	0.00000000
254.780572	0.0222200000	-0.000000000651248000	0.00000000
254.981584	0.0222200000	-0.000000000563984000	0.00000000
255.180595	0.0222200000	-0.000000000631452000	0.00000000
255.380607	0.0222200000	-0.000000000686396000	0.00000000
255.587619	0.0262600000	-0.000000000647208000	0.00000000
255.781630	0.0222200000	-0.000000000626200000	0.00000000
255.981641	0.0262600000	-0.000000000643168000	0.00000000
256.180653	0.0222200000	-0.000000000620140000	0.00000000
256.380664	0.0262600000	-0.000000000608828000	0.00000000
256.588676	0.0262600000	-0.000000000629836000	0.00000000
256.781687	0.0222200000	-0.000000000706192000	0.00000000
256.981699	0.0222200000	-0.000000000628624000	0.00000000
257.180710	0.0262600000	-0.000000000639532000	0.00000000
257.380721	0.0222200000	-0.000000000730028000	0.00000000
257.587733	0.0222200000	-0.000000000634280000	0.00000000
257.780744	0.0222200000	-0.000000000622160000	0.00000000
257.980756	0.0222200000	-0.000000000643168000	0.00000000
258.180767	0.0262600000	-0.000000000688012000	0.00000000
258.380778	0.0222200000	-0.000000000671044000	0.00000000
258.587790	0.0222200000	-0.000000000644784000	0.00000000
258.781801	0.0222200000	-0.000000000635896000	0.00000000
258.980813	0.0222200000	-0.000000000598728000	0.00000000
259.181824	0.0222200000	-0.000000000633068000	0.00000000
259.380836	0.0222200000	-0.000000000634280000	0.00000000
259.587848	0.0222200000	-0.000000000603576000	0.00000000
259.781858	0.0222200000	-0.000000000650036000	0.00000000
259.980870	0.0222200000	-0.000000000590648000	0.00000000
260.181881	0.0222200000	-0.000000000600344000	0.00000000
260.380893	0.0222200000	-0.000000000681952000	0.00000000
260.587905	0.0222200000	-0.000000000613676000	0.00000000
260.779916	0.0222200000	-0.000000000637108000	0.00000000
260.981927	0.0222200000	-0.000000000681952000	0.00000000
261.180939	0.0222200000	-0.000000000625392000	0.00000000
261.379950	0.0222200000	-0.000000000681548000	0.00000000
261.591962	0.0222200000	-0.000000000635492000	0.00000000
261.780973	0.0222200000	-0.000000000619736000	0.00000000
261.981985	0.0262600000	-0.000000000647208000	0.00000000
262.180996	0.0262600000	-0.000000000597516000	0.00000000
262.380007	0.0222200000	-0.000000000651652000	0.00000000
262.591019	0.0222200000	-0.000000000622564000	0.00000000
262.781030	0.0222200000	-0.000000000663772000	0.00000000
262.980042	0.0222200000	-0.000000000679124000	0.00000000
263.181053	0.0222200000	-0.000000000612060000	0.00000000
263.380064	0.0262600000	-0.000000000683164000	0.00000000
263.588076	0.0222200000	-0.000000000677508000	0.00000000
263.780087	0.0222200000	-0.000000000622160000	0.00000000
263.980099	0.0262600000	-0.000000000645188000	0.00000000
264.182110	0.0222200000	-0.000000000623372000	0.00000000
264.380122	0.0222200000	-0.000000000645996000	0.00000000
264.586133	0.0222200000	-0.000000000609636000	0.00000000
264.780145	0.0262600000	-0.000000000643976000	0.00000000
264.980156	0.0222200000	-0.000000000616100000	0.00000000
265.182168	0.0222200000	-0.000000000629028000	0.00000000
265.380179	0.0222200000	-0.000000000615696000	0.00000000
265.587191	0.0181800000	-0.000000000608020000	0.00000000
265.780202	0.0222200000	-0.000000000608020000	0.00000000
265.980213	0.0222200000	-0.000000000659328000	0.00000000
266.181225	0.0262600000	-0.000000000662156000	0.00000000
266.380236	0.0222200000	-0.000000000643168000	0.00000000
266.588248	0.0262600000	-0.000000000604788000	0.00000000
266.780259	0.0262600000	-0.000000000589032000	0.00000000
266.980270	0.0222200000	-0.000000000631452000	0.00000000
267.180282	0.0181800000	-0.000000000618928000	0.00000000
267.380293	0.0222200000	-0.000000000612060000	0.00000000
267.588305	0.0181800000	-0.000000000605192000	0.00000000
267.780316	0.0222200000	-0.000000000674276000	0.00000000
267.980328	0.0262600000	-0.000000000672256000	0.00000000
268.180339	0.0222200000	-0.000000000604788000	0.00000000
268.381351	0.0222200000	-0.000000000575700000	0.00000000
268.587362	0.0222200000	-0.000000000662560000	0.00000000
268.780373	0.0222200000	-0.000000000627816000	0.00000000
268.980385	0.0222200000	-0.000000000668620000	0.00000000
269.180396	0.0222200000	-0.000000000566812000	0.00000000
269.380408	0.0222200000	-0.000000000629028000	0.00000000
269.587420	0.0222200000	-0.000000000597920000	0.00000000
269.780430	0.0262600000	-0.000000000636704000	0.00000000
269.980442	0.0222200000	-0.000000000585396000	0.00000000
270.180453	0.0222200000	-0.000000000644380000	0.00000000
270.379465	0.0222200000	-0.000000000602768000	0.00000000
270.587477	0.0222200000	-0.000000000662560000	0.00000000
270.780488	0.0222200000	-0.000000000635492000	0.00000000
270.980499	0.0222200000	-0.000000000663772000	0.00000000
271.180511	0.0262600000	-0.000000000616100000	0.00000000
271.380522	0.0222200000	-0.000000000624584000	0.00000000
271.587534	0.0222200000	-0.000000000598324000	0.00000000
271.780545	0.0222200000	-0.000000000675488000	0.00000000
271.981556	0.0181800000	-0.000000000646804000	0.00000000
272.180568	0.0222200000	-0.000000000639532000	0.00000000
272.363578	0.0222200000	-0.000000000631452000	0.00000000
272.570590	0.0222200000	-0.000000000672660000	0.00000000
272.765601	0.0181800000	-0.000000000570448000	0.00000000
272.963613	0.0222200000	-0.000000000633472000	0.00000000
273.163624	0.0222200000	-0.000000000654884000	0.00000000
273.380636	0.0222200000	-0.000000000635088000	0.00000000
273.587648	0.0222200000	-0.000000000632260000	0.00000000
273.780659	0.0222200000	-0.000000000623372000	0.00000000
273.980671	0.0181800000	-0.000000000637108000	0.00000000
274.180682	0.0222200000	-0.000000000645996000	0.00000000
274.380693	0.0222200000	-0.000000000673064000	0.00000000
274.587706	0.0181800000	-0.000000000559944000	0.00000000
274.781716	0.0262600000	-0.000000000687204000	0.00000000
274.980728	0.0222200000	-0.000000000633068000	0.00000000
275.180739	0.0222200000	-0.000000000612868000	0.00000000
275.379751	0.0222200000	-0.000000000651652000	0.00000000
275.587763	0.0222200000	-0.000000000608020000	0.00000000
275.780774	0.0181800000	-0.000000000597112000	0.00000000
275.980785	0.0262600000	-0.000000000644784000	0.00000000
276.180797	0.0181800000	-0.000000000575296000	0.00000000
276.381808	0.0222200000	-0.000000000656500000	0.00000000
276.588820	0.0222200000	-0.000000000658520000	0.00000000
276.780831	0.0181800000	-0.000000000576508000	0.00000000
276.980842	0.0222200000	-0.000000000676700000	0.00000000
277.180854	0.0222200000	-0.000000000630644000	0.00000000
277.380865	0.0222200000	-0.000000000619332000	0.00000000
277.587877	0.0222200000	-0.000000000632664000	0.00000000
277.779888	0.0222200000	-0.000000000625796000	0.00000000
277.980899	0.0262600000	-0.000000000676296000	0.00000000
278.180911	0.0222200000	-0.000000000645188000	0.00000000
278.379922	0.0222200000	-0.000000000667004000	0.00000000
278.587934	0.0222200000	-0.000000000688416000	0.00000000
278.779945	0.0222200000	-0.000000000626200000	0.00000000
278.980957	0.0262600000	-0.000000000702152000	0.00000000
279.179968	0.0262600000	-0.000000000692456000	0.00000000
279.379980	0.0181800000	-0.000000000579336000	0.00000000
279.587992	0.0222200000	-0.000000000631048000	0.00000000
279.780003	0.0181800000	-0.000000000610040000	0.00000000
279.980014	0.0222200000	-0.000000000593880000	0.00000000
280.181026	0.0222200000	-0.000000000556308000	0.00000000
280.380037	0.0222200000	-0.000000000592264000	0.00000000
280.589049	0.0222200000	-0.000000000641956000	0.00000000
280.780060	0.0222200000	-0.000000000614484000	0.00000000
280.980071	0.0303000000	-0.000000000610040000	0.00000000
281.180082	0.0181800000	-0.000000000597112000	0.00000000
281.380094	0.0222200000	-0.000000000630644000	0.00000000
281.587106	0.0262600000	-0.000000000633472000	0.00000000
281.780117	0.0222200000	-0.000000000626604000	0.00000000
281.980128	0.0222200000	-0.000000000659328000	0.00000000
282.180140	0.0222200000	-0.000000000646804000	0.00000000
282.380151	0.0222200000	-0.000000000675892000	0.00000000
282.588163	0.0222200000	-0.000000000670236000	0.00000000
282.780174	0.0222200000	-0.000000000626200000	0.00000000
282.980186	0.0222200000	-0.000000000583780000	0.00000000
283.180197	0.0222200000	-0.000000000644784000	0.00000000
283.380208	0.0262600000	-0.000000000639128000	0.00000000
283.587220	0.0222200000	-0.000000000601960000	0.00000000
283.780231	0.0222200000	-0.000000000601556000	0.00000000
283.980243	0.0262600000	-0.000000000637916000	0.00000000
284.180254	0.0222200000	-0.000000000685184000	0.00000000
284.380266	0.0222200000	-0.000000000588224000	0.00000000
284.587277	0.0262600000	-0.000000000629028000	0.00000000
284.780288	0.0262600000	-0.000000000631856000	0.00000000
284.980300	0.0222200000	-0.000000000676296000	0.00000000
285.180311	0.0222200000	-0.000000000632260000	0.00000000
285.380323	0.0222200000	-0.000000000648420000	0.00000000
285.587335	0.0262600000	-0.000000000614888000	0.00000000
285.780345	0.0222200000	-0.000000000632664000	0.00000000
285.980357	0.0222200000	-0.000000000629028000	0.00000000
286.180368	0.0222200000	-0.000000000611656000	0.00000000
286.380380	0.0222200000	-0.000000000626604000	0.00000000
286.587392	0.0222200000	-0.000000000609232000	0.00000000
286.780403	0.0222200000	-0.000000000624180000	0.00000000
286.980414	0.0262600000	-0.000000000692052000	0.00000000
287.180426	0.0222200000	-0.000000000592668000	0.00000000
287.380437	0.0222200000	-0.000000000628220000	0.00000000
287.587449	0.0262600000	-0.000000000639128000	0.00000000
287.780460	0.0222200000	-0.000000000597920000	0.00000000
287.980472	0.0262600000	-0.000000000654884000	0.00000000
288.180483	0.0262600000	-0.000000000579336000	0.00000000
288.380495	0.0262600000	-0.000000000639532000	0.00000000
288.588506	0.0222200000	-0.000000000648016000	0.00000000
288.780517	0.0222200000	-0.000000000635088000	0.00000000
288.980529	0.0222200000	-0.000000000658520000	0.00000000
289.180540	0.0181800000	-0.000000000587416000	0.00000000
289.380552	0.0222200000	-0.000000000606000000	0.00000000
289.587564	0.0222200000	-0.000000000609232000	0.00000000
289.780574	0.0222200000	-0.000000000625392000	0.00000000
289.980586	0.0222200000	-0.000000000653268000	0.00000000
290.180597	0.0262600000	-0.000000000648016000	0.00000000
290.380609	0.0222200000	-0.000000000632260000	0.00000000
290.587621	0.0222200000	-0.000000000630240000	0.00000000
290.780632	0.0222200000	-0.000000000596304000	0.00000000
290.980643	0.0222200000	-0.000000000618120000	0.00000000
291.179655	0.0181800000	-0.000000000642764000	0.00000000
291.380666	0.0222200000	-0.000000000685184000	0.00000000
291.587678	0.0222200000	-0.000000000631856000	0.00000000
291.781689	0.0262600000	-0.000000000615696000	0.00000000
291.979700	0.0222200000	-0.000000000601556000	0.00000000
292.180712	0.0262600000	-0.000000000638724000	0.00000000
292.379723	0.0262600000	-0.000000000702556000	0.00000000
292.587735	0.0222200000	-0.000000000670236000	0.00000000
292.779746	0.0222200000	-0.000000000648016000	0.00000000
292.979757	0.0222200000	-0.000000000610444000	0.00000000
293.180769	0.0222200000	-0.000000000644380000	0.00000000
293.380780	0.0222200000	-0.000000000624988000	0.00000000
293.587792	0.0222200000	-0.000000000601960000	0.00000000
293.780803	0.0222200000	-0.000000000677912000	0.00000000
293.979815	0.0222200000	-0.000000000606000000	0.00000000
294.180826	0.0222200000	-0.000000000626200000	0.00000000
294.379838	0.0222200000	-0.000000000679528000	0.00000000
294.587850	0.0222200000	-0.000000000627008000	0.00000000
294.779860	0.0222200000	-0.000000000623776000	0.00000000
294.980872	0.0222200000	-0.000000000621352000	0.00000000
295.180883	0.0222200000	-0.000000000618120000	0.00000000
295.380895	0.0181800000	-0.000000000589436000	0.00000000
295.586906	0.0222200000	-0.000000000583376000	0.00000000
295.779918	0.0222200000	-0.000000000640744000	0.00000000
295.979929	0.0222200000	-0.000000000623372000	0.00000000
296.180941	0.0222200000	-0.000000000634280000	0.00000000
296.380952	0.0262600000	-0.000000000641956000	0.00000000
296.586964	0.0222200000	-0.000000000648420000	0.00000000
296.779975	0.0181800000	-0.000000000597516000	0.00000000
296.979986	0.0222200000	-0.000000000651248000	0.00000000
297.179998	0.0262600000	-0.000000000619736000	0.00000000
297.380009	0.0222200000	-0.000000000648420000	0.00000000
297.587021	0.0222200000	-0.000000000613272000	0.00000000
297.780032	0.0222200000	-0.000000000597112000	0.00000000
297.981043	0.0181800000	-0.000000000580144000	0.00000000
298.180055	0.0222200000	-0.000000000584588000	0.00000000
298.363065	0.0181800000	-0.000000000670640000	0.00000000
298.571077	0.0222200000	-0.000000000642360000	0.00000000
298.764088	0.0181800000	-0.000000000663772000	0.00000000
298.963099	0.0222200000	-0.000000000656500000	0.00000000
299.164111	0.0262600000	-0.000000000613272000	0.00000000
299.380124	0.0222200000	-0.000000000613272000	0.00000000
299.587135	0.0222200000	-0.000000000661348000	0.00000000
299.780147	0.0262600000	-0.000000000645996000	0.00000000
299.980158	0.0181800000	-0.000000000651652000	0.00000000
300.180169	0.0222200000	-0.000000000612464000	0.00000000
